8143
1961
658
7494
9749
7608
5515
2746
1605
6239
2931
8183
1167
382
1614
5681
9948
9754
3360
3027
7936
8583
8980
8446
7260
7594
4546
4029
1591
4094
4838
6664
9160
2913
7894
2949
9944
5251
6401
2686
853
906
6851
8579
741
5987
7318
3112
8343
3178
4535
8264
7069
7408
758
730
2668
4283
6732
4777
7107
1621
2627
4303
7445
4966
4876
1550
7889
7198
5584
1384
6419
7807
6451
4663
1474
9271
2751
1873
7998
5501
4848
1497
1731
4923
6126
1359
442
691
5664
162
4662
2511
8531
4382
4928
9895
1529
9772
470
1895
7455
9864
292
1131
5699
6916
324
404
6018
8660
8697
9361
7699
1230
9137
9621
2716
215
5394
9846
8243
7732
132
4216
2340
6071
2315
6216
5867
8755
8928
9206
8595
4062
5859
4504
9472
4717
4634
7006
7419
9015
4240
7436
4512
6371
446
4292
8958
8155
379
4378
6365
2921
1539
8312
8252
1940
8469
1553
1701
9162
3553
8368
9146
8603
5809
3473
210
9848
4226
332
6669
8800
2163
8050
1338
8318
6754
6166
3228
3894
7725
7827
2414
4352
7235
603
284
7125
9502
8806
8653
9334
1372
1705
5783
1757
8185
1981
3443
6556
6962
3935
4137
6415
3119
9282
843
8269
8899
4048
2536
8464
8684
1517
9784
8889
9914
678
7671
2308
6114
8511
9094
6500
1113
2534
2957
7575
8440
5376
8370
1926
298
6850
7548
58
5005
3792
277
7151
1418
207
8341
5916
3510
1986
971
4685
4254
9581
8957
5392
9585
3038
7714
8717
7765
8147
7710
5932
9262
636
7709
8654
6214
1521
7793
1200
2204
4648
1567
3043
6805
4433
6158
1435
5906
7325
1261
7135
4508
8780
3090
6307
1223
9529
3305
6316
676
1198
1990
2196
3075
5992
1683
2963
7915
5988
5543
6330
4187
148
5429
4148
1143
9335
9965
4039
466
7627
2671
8229
8519
4037
4903
6768
5462
8510
8492
2094
2325
6160
5969
805
5353
3255
7675
2116
9133
4572
2893
4149
8148
8077
9117
4336
5000
1171
4831
8976
4028
7253
5162
135
8887
4343
3599
3203
2664
1475
3925
6038
5053
1942
1008
1533
566
4295
2513
7081
7321
3441
3710
8065
3237
1516
7310
9139
1569
9166
5119
2088
1530
4372
155
3920
3833
3053
8020
4175
2839
1945
527
8532
40
2928
3646
8362
4945
6717
5995
606
5488
8609
2113
7969
4068
3865
891
337
9317
5842
3399
4973
1608
3452
392
4640
5600
8068
5335
1184
5870
7189
4633
3913
1637
7496
9196
6633
9757
6966
5535
8758
4221
5561
5209
5022
8481
7179
4172
8766
6677
438
4423
1881
6546
3692
9567
650
4130
1663
5029
3253
7383
5063
718
999
8858
6317
573
2102
2421
923
6567
9594
8327
7871
8204
7529
6634
253
4016
9748
9095
7338
1337
4776
7171
1834
9303
6534
9778
6088
1165
7568
4782
8803
4962
1817
1667
323
1966
9224
2769
354
9057
9560
2355
5935
7835
7943
5035
3245
7074
9281
1630
4843
2548
1044
9610
3190
2383
5399
6303
7753
4452
95
9307
42
9925
605
4123
828
198
5756
9852
8030
6597
3404
3855
2894
5451
4664
4768
8396
6408
9165
2119
4750
7489
5761
6912
8233
7519
2115
5363
6465
2651
3140
1041
1813
1272
7890
880
982
7291
1651
6139
9462
3103
4337
2335
7477
1780
2138
1779
8971
3352
2748
4783
7466
2182
8029
7803
5612
246
7354
995
8026
8177
5315
385
8079
5854
9952
2426
2291
2300
8884
5062
6557
2593
4321
4467
8003
3072
8433
1549
3274
1353
7875
2455
9622
905
9542
7902
5181
6595
6027
9400
7818
5061
7920
9090
2764
3794
6265
7355
3870
7103
9077
6440
5539
3829
6729
8853
7483
204
1606
5684
3740
4049
7768
5466
9011
2985
7837
4409
496
9739
2984
8562
8133
9399
7547
2691
631
5049
6731
9035
6610
4840
3470
3300
2683
7379
3639
8975
9120
7504
5293
4563
5253
4116
2875
4740
7851
9044
2295
6960
2333
8388
4218
6872
5171
5261
4457
8016
193
2591
2803
1697
7133
8643
6652
6172
9002
1173
90
5384
5279
2990
3854
1644
1541
3901
673
4132
1277
3227
8371
8032
9047
1363
5800
5805
6806
7759
5038
5198
7624
5570
7501
1050
1796
4965
3667
9726
127
510
4406
2794
4592
5596
6865
7646
4407
5176
5358
6628
2995
3985
8404
9668
1182
6624
4507
93
3283
7216
581
6548
6691
2819
9028
4745
1424
8873
8568
3835
5387
8488
2635
9915
9104
4939
8131
9518
3961
7974
6349
7188
2062
7784
4510
1772
983
9654
4900
2867
4432
5855
2897
9769
1096
5234
4242
7804
9999
9042
8501
5378
6205
244
8741
3469
9992
5377
2294
3504
9727
8071
574
8981
2681
8991
6400
4884
7832
791
9149
5088
9239
7239
6443
5477
1412
6337
8293
9802
2108
9151
3451
6906
2213
3939
2471
1914
8512
2599
9445
7617
1560
2866
335
3480
8308
9228
2827
2328
550
6846
7877
3467
9813
1872
9941
3584
4944
4755
5767
6883
1071
9456
7522
2052
9091
1033
5648
8796
7530
5996
4427
7737
9829
9439
8361
8006
2485
4161
5459
6261
9169
7068
1748
99
693
491
19
6311
1648
2603
9391
9474
6757
3744
52
8869
4304
7298
9096
294
9855
3187
2685
1179
8960
9937
6112
317
3314
1142
3125
41
9377
2563
7773
588
6831
4053
9679
1641
3303
4133
6066
7015
9945
9997
1820
154
9690
39
6524
4552
2257
6688
6483
665
1205
4177
6576
5008
9858
465
7023
7597
8025
9102
1656
1735
3831
6421
8002
4544
6203
4428
3690
9653
5530
2400
3374
2415
8625
1583
9508
4038
6951
3774
167
6562
2820
957
7928
1228
3180
3986
2883
8324
8890
2232
9202
2194
6340
6942
2028
6627
6359
2829
6119
473
4540
967
9878
8675
6229
4597
4511
6834
4760
6629
9063
7994
2791
2288
3129
7817
2241
5923
2137
2852
1503
7016
8967
684
8182
6332
1298
5270
7391
4258
2869
6518
988
6130
8551
6387
4898
7040
2327
7126
5729
2720
1801
9161
6384
5110
4237
3999
5211
401
339
6348
9825
7663
2587
1721
9527
4032
389
2083
9593
6270
2358
2700
9006
4824
2071
4888
840
2673
2334
1775
6512
3945
48
9354
3116
653
7345
4804
8865
247
3569
1450
6766
2336
4767
6206
9003
5475
3111
1013
4384
4702
3230
6083
538
1719
1740
3475
5949
8498
9680
4377
4257
9880
497
1109
4390
1362
1947
7747
3492
8146
9674
1577
4825
6193
5827
1524
5513
2596
5404
6626
5026
8181
3859
16
4199
5835
6455
836
3182
786
3375
9732
7154
6833
8159
4290
6075
1442
7423
6322
9996
8802
8287
2701
4682
8714
188
50
9131
9744
847
1909
436
9261
9591
9753
5927
8783
3198
511
6336
3183
4698
997
9382
9823
8944
1062
3436
5780
1676
9582
814
6759
1513
2872
7734
1253
3578
177
2951
908
9301
1421
3485
6858
2522
8023
3078
1027
6452
1823
7028
8437
8393
8636
9350
4342
1776
3847
4595
2885
4798
3466
3671
9191
1528
8063
2628
9380
9531
6266
2128
617
6735
9100
3526
8473
9617
2146
5907
7322
2723
3862
2831
6969
7918
912
2836
901
5815
9971
3525
5751
1147
4643
5723
6848
2690
4817
7195
5953
8879
8629
7269
9756
7008
1174
2947
6033
4453
1290
1024
7403
6974
942
2433
279
1770
9870
1948
9327
8187
780
2231
6574
9700
2610
3968
3354
3393
6880
865
9119
9850
5930
9204
6357
3684
910
3493
9603
4191
6453
1917
4349
3092
1340
518
7454
149
8462
2490
9427
2238
5118
5524
6433
2540
3278
5007
8468
2741
4121
598
4291
7404
9072
9786
9264
2956
4583
3334
1208
1320
4701
7815
3957
825
1436
4014
6343
9555
3579
7825
7990
6818
9395
7805
1708
9933
4181
1955
6724
4937
7177
4892
5752
3666
7024
276
4426
9569
1086
2483
1635
507
2161
218
6390
2523
5381
2583
4325
2857
8863
547
4646
4208
8424
9574
1111
3832
4078
1866
2652
4575
460
6954
5084
8762
6905
3821
5736
427
5077
4279
6676
6077
8765
9618
2714
3900
1181
8663
772
1785
8832
7836
8240
4397
680
4587
5669
5356
1118
85
926
8258
1509
4459
8101
3127
551
3583
8735
2766
4917
2412
2219
7161
6598
5688
5017
4375
6048
9782
9611
271
2969
9110
6714
1456
3983
6908
2537
1157
9579
9426
6450
4151
6704
9517
4413
3502
3549
7224
6603
630
7201
213
8900
3330
9178
3610
2929
6257
6787
3938
5706
5085
8247
2169
5775
5687
7340
8539
9573
1496
5371
8299
8096
6435
7967
6847
2147
979
1589
8191
4631
8897
3694
1876
7290
620
2228
4468
7314
5599
5448
7571
8620
3758
8454
2126
4994
6190
7083
6407
9678
4993
4322
303
18
8347
130
4955
8529
9108
5431
846
8979
1819
6775
9379
3149
463
4691
6682
3064
6478
6668
3389
4590
9066
2759
8700
3949
7919
864
725
9752
8360
6505
3643
8219
6004
7968
2220
3723
1233
2130
2959
3366
8619
7217
6811
8089
2379
5801
2598
2249
8761
2002
5508
5891
7718
4333
4340
5781
9590
557
6093
6716
3977
8315
4836
6323
4398
4391
7256
9059
356
3989
2525
2964
8990
548
3683
3025
4676
6976
6508
1769
8559
6821
397
7004
2666
2056
4569
8775
1492
4659
5485
6297
1687
9370
4909
4057
9347
391
8986
2709
4600
3102
686
5846
771
3019
2786
5989
8091
5905
3582
7949
1915
1254
7782
9910
7816
615
8657
3676
8925
3714
8309
7476
9331
9623
9934
2101
2613
3186
1502
1952
9418
3070
9869
8541
2458
8693
7956
9863
6842
1794
2144
6678
8771
1964
7683
6992
4820
6582
4924
8024
6528
1077
3962
8232
9631
9561
5785
3619
4128
5443
3326
2208
9820
6896
5564
9667
3446
4527
1749
5964
1408
1468
3290
5758
6025
9344
6503
521
9124
4493
7745
3428
6354
4399
4287
9710
6569
141
7114
9017
3677
1784
5406
8277
4365
86
1598
8729
8214
6964
9360
8691
5682
5250
2279
7441
1486
5716
7819
5743
7390
6599
1680
6939
5272
6504
4044
5850
6706
2156
6208
1805
2961
3251
7695
2323
1604
5296
5370
5502
9644
587
1169
8857
7761
2663
9421
4914
8325
7526
9768
2565
2953
2864
8135
1275
6925
8945
5789
3348
2329
5252
6807
4763
2486
9048
9286
9832
5937
1946
2773
8056
5246
6442
862
223
1491
1159
9815
2331
3051
6570
3594
3010
4139
3982
1119
1495
2952
6215
9242
2344
9828
9501
2084
3408
7410
7600
9736
9516
2496
3575
3258
5151
2350
6267
9787
7426
5848
1156
826
1401
8506
8672
7367
3126
4565
9751
687
2638
5222
8136
8978
7347
4092
5148
726
8429
3689
9437
709
6241
9422
5569
3298
6514
165
3546
7417
6305
5360
2134
315
8278
6859
2391
6708
3338
5838
3898
9211
4358
5410
5920
2114
594
1380
9568
7450
1256
4841
6107
7767
5419
8321
3301
2506
5070
7619
3727
3797
1939
9283
289
3069
8883
1830
7232
6019
9663
2429
1956
7334
2914
2011
3185
9936
1968
3100
8428
6808
180
6235
3196
2973
959
3701
3079
4326
6081
6573
9923
6058
7244
9009
4448
2878
4471
7760
9902
1369
3922
4624
2314
334
6290
8558
4010
9449
694
3665
8386
500
3195
7904
8369
1370
3325
5727
8909
1734
4975
2863
5037
7572
3367
4239
2133
7700
9247
6017
8405
3257
1065
3623
5304
6248
1134
8570
9201
9236
1843
4642
6262
2832
6725
3600
7900
9533
2465
8489
4204
1199
8517
1885
1054
5050
8449
1565
8140
7287
282
7211
2888
5693
4269
1601
6690
9140
4620
3398
140
1867
9972
6439
5841
226
6146
1982
5260
5957
1729
6057
2625
5678
8801
2987
9466
5810
6968
1166
5407
2010
8679
8598
6391
1303
4267
5732
8739
7643
8448
2477
4996
5027
4948
727
9793
5019
3456
5686
877
5071
301
8710
950
6684
2127
9036
1479
61
7376
3356
5869
4214
2035
2015
8992
4796
7722
2517
9156
1686
6879
3554
1180
8596
9619
3614
2218
8777
8577
9001
6068
6700
3889
6204
6922
3007
8781
5289
6436
2021
7799
9783
766
4502
7266
8571
6463
9764
558
5541
4238
4852
7160
7830
4543
9218
4225
3382
1187
4408
7491
384
9572
6530
8267
5784
2311
4041
3176
1280
7834
562
4726
1104
3105
3795
9550
2211
8557
1742
4098
1825
7168
8982
9371
3816
5880
3877
4256
5139
5511
5662
6096
1056
5274
8946
5489
833
6780
3628
1595
803
6575
4559
1409
5776
2602
2118
7453
9448
1619
1662
4786
8823
2392
5167
9305
6418
6748
5309
6499
9174
8165
2889
4489
3565
3461
5672
9263
1049
7752
6662
4145
1361
6994
7533
4363
92
88
7236
6638
3941
3000
8180
9083
5105
7339
3948
5872
9961
487
2542
7210
4410
8467
9030
1758
9244
9138
5770
3035
5337
5646
4837
7507
4091
9109
544
3170
5832
2508
2763
4915
2139
5711
6264
6366
2609
1324
7917
4503
7249
2037
5374
2449
8014
6549
2067
7777
9294
7295
343
7375
1203
1857
2243
9118
1765
621
3454
174
963
6347
837
7665
5629
6344
8249
4298
2656
5400
876
8804
829
7893
7678
3097
7440
7934
156
5146
6767
5933
9989
6147
1260
5080
5323
3500
1499
8911
9255
1689
5520
9702
3406
4166
212
9295
9157
2727
2573
5330
8795
9826
9547
222
5355
8172
9553
9490
1237
4475
8846
5769
4249
9688
7003
3332
2475
3591
2520
6306
2369
8640
9023
6331
2781
9080
3386
5545
3648
4110
3734
1457
3460
6828
4070
3362
2131
3764
7698
101
6665
1481
3396
1518
8903
6733
3662
873
2816
181
393
9411
2708
4026
3222
1916
6201
7388
7238
2026
932
9535
1210
423
6769
2611
5217
5885
6884
6377
8637
8594
7206
3426
7373
2771
3313
472
2834
8886
2980
3978
3317
2256
2873
578
1845
8295
6395
7369
2302
5822
4140
4141
3893
2586
1331
5002
3631
1273
1882
3857
7384
4045
7284
738
5811
9451
6458
5028
7546
1437
7511
2715
2909
2507
697
2020
2237
7484
601
9896
6956
9195
6803
342
9115
3214
8098
9306
1935
9290
2210
3370
3708
9715
8397
4466
721
5156
5473
6873
806
1702
9955
3471
9792
2784
8225
8502
8709
5778
166
7669
8597
1891
2106
4020
869
7525
8246
945
5868
6642
2248
7033
457
5104
6067
5622
8088
1526
8820
5936
8410
565
5152
6082
7382
9069
6393
4379
4454
3106
5045
6353
3113
7631
1969
5182
6795
1901
6920
2019
1459
2316
6871
7635
8272
6727
1593
3711
2841
6174
8552
4921
7257
6946
184
6933
9810
3133
2498
8237
5237
1028
1861
7415
8205
9179
7258
7056
4472
6138
8445
5390
4217
8692
4317
978
4680
7641
255
6636
3811
4168
350
3192
9050
2473
5393
1218
5114
2439
3252
8651
4774
5286
4850
4081
9897
9496
8696
6800
2251
4381
54
2874
5802
9203
5491
1389
7048
8259
2904
6869
2091
7213
2561
6559
1020
124
9980
9381
6410
3885
9898
3158
1217
5116
8158
6084
9966
1756
1241
807
474
5163
1336
9595
2082
4878
5656
1289
4627
2345
7487
3806
3841
4169
5169
5551
576
7756
4157
561
948
2188
3826
7380
4594
2183
4679
1974
1626
9384
875
9368
3808
3377
649
7252
1026
9254
2801
2564
844
7884
5300
8848
7134
351
4200
8093
9194
9458
4801
3276
8203
3086
5265
6163
1451
9186
8156
9412
1288
1262
9318
3587
8606
8910
8108
5710
9609
4305
784
5481
530
5719
6667
4874
4102
9040
6744
9434
9699
1294
9288
3328
4422
1746
6271
4071
9273
9185
2850
3087
9454
8941
6217
8724
6133
6350
8715
7670
8070
1671
3131
2570
9604
9742
4738
5926
9457
7542
6056
8652
196
5745
5109
1655
3232
8067
7348
240
5779
5455
9512
2199
3838
5965
7401
7463
6296
4787
9258
4644
1483
5968
4934
4517
3392
6101
8398
6761
585
5047
1091
5413
3534
7178
1225
5675
885
3573
2632
8379
388
4368
8435
5267
3842
2871
9714
1321
3976
8194
6232
6520
7176
6279
5057
6979
7374
8351
6457
5405
8624
526
6194
3735
9795
8831
1928
7903
4977
9210
3175
8317
9830
1848
5165
6494
6751
1219
4845
4000
4553
8094
8153
4374
1234
6326
7055
6978
616
1202
2879
3788
4080
8667
5577
569
6827
8188
6510
5690
4954
5001
3415
5857
8021
863
1975
6837
9616
7093
8297
2925
6957
6655
8416
4556
6929
3071
5248
9791
1673
435
8509
1633
9389
7064
1930
5523
7603
6720
2031
9062
1366
975
7987
9796
6135
9854
3108
8646
6753
9576
407
567
7787
3757
8881
1712
4547
9172
2377
7691
3174
6470
659
8420
6156
4851
26
7762
769
1562
2214
456
8554
8923
8905
5067
3633
8977
7661
7094
5928
2162
8849
4273
6660
5636
1192
2060
4608
9641
8816
9521
6034
1117
951
6918
938
2000
7451
6617
8939
7565
2357
3542
8348
7155
1088
3272
7370
9167
9824
1639
5744
7869
3041
1584
2224
3431
4270
4791
3482
142
3971
7443
9625
765
2828
7715
8645
8968
7170
7926
3588
4586
1525
5631
8444
8169
2934
2407
5826
2437
2004
5091
9838
823
2054
9635
7786
1139
2417
7965
3273
8019
608
852
6622
5582
4055
2830
2560
8907
8254
5703
5268
4671
2081
5124
5048
3403
698
9442
4857
7467
949
9249
5138
6785
2745
7475
6789
4560
8331
2915
8518
6649
541
4605
4456
234
275
4253
6931
1726
1470
3645
4958
8
9800
3602
7982
189
3756
543
2484
7921
8260
1396
4952
1844
5565
9860
1043
2453
5894
2464
3244
1306
5691
2109
7991
3104
9605
6779
1007
4252
8584
5418
7181
8932
7703
9173
9596
3020
3095
3432
7261
3457
4461
9054
3144
9374
6845
4847
7929
8290
2494
3721
8839
757
4505
8342
3014
5305
626
3924
7872
7654
6249
122
7907
6894
3256
702
2239
4635
7560
3013
2005
8109
4179
20
9192
3060
4440
9681
7492
7225
2740
5352
4300
4968
9402
2264
29
9008
5496
8836
1751
1703
5409
6078
1420
4213
6935
3224
1465
3080
8688
1482
8300
4083
9359
6356
8422
1710
2881
3807
8417
4469
1413
9055
8522
1076
3173
6513
4104
7622
1191
7371
849
422
3491
8125
6464
2776
9775
6945
5982
4251
2441
2478
7794
9743
8731
2141
4385
483
6943
6938
8566
8142
6164
1886
3519
2087
2318
8313
716
9416
5213
3150
7326
3476
8634
5598
4714
8408
7582
4579
3763
9969
2096
5553
7916
5824
7218
5755
1161
173
3881
3231
5608
8457
1014
2072
9940
5283
8878
5558
3420
6535
637
8490
3464
3907
7071
1012
623
2743
9348
405
4027
5440
1552
9968
559
1186
6045
4348
2880
9219
7139
1018
9926
7541
8580
7922
884
7811
2387
8162
2222
4568
1977
7905
4393
7025
9676
1864
2457
7831
8051
1462
4487
4533
2865
9552
1002
311
9747
1133
4519
2079
1628
8111
9636
5665
9671
7517
5369
6222
1469
9441
1163
8618
7182
9901
1472
9646
8997
2164
954
5257
3988
67
7958
8685
904
6013
9691
1822
1859
5947
907
7796
4425
8307
4119
9963
9276
8076
4090
5391
8548
3099
6835
3562
3693
5546
8742
9804
2851
7599
2620
2297
3390
589
2077
37
3513
3359
6947
9557
3803
2324
3827
5128
6136
4696
6519
5683
3387
5497
6386
7955
819
7136
6086
56
9634
260
2798
9088
8602
1570
4180
7144
1821
44
6467
6434
4135
5294
9973
2226
5899
5604
347
3589
2877
1379
2090
1395
1681
2903
2912
1996
9909
1678
9455
1684
2826
3805
3564
4979
1752
2040
3944
410
102
4615
8054
3101
6376
5632
7059
4943
2707
1334
3506
1590
1850
9606
3914
958
2559
9833
2860
346
3081
4328
221
5909
2268
4455
6153
8966
3635
8797
3529
2974
5143
740
816
1826
4265
1030
2263
2068
6234
4483
3083
6022
6327
4357
5862
5154
9614
8943
3160
9029
3045
2994
2459
8680
2351
6016
6902
5929
3018
9299
3672
962
1347
6977
7358
5155
1038
8815
3089
3166
8972
9586
2650
3804
4205
7680
5628
7826
4528
2451
6325
6244
7980
5864
2209
7490
5226
3837
7513
3247
1466
4222
2184
1910
5676
8087
6867
1657
9032
4919
320
7364
7399
5993
3547
5158
7425
5740
3503
6338
4355
8730
5797
5170
8027
296
3054
3975
7950
6860
8055
1511
5644
2320
2076
3134
4206
9626
6209
5357
3980
4805
802
3749
5346
1997
7924
8392
9670
657
1170
4525
9387
7764
9342
1797
9260
4293
7077
4864
4907
6886
8560
6042
7060
5853
4870
9126
8028
9600
6986
9037
9285
3729
7472
5721
1878
8611
7438
2452
3357
3275
2018
202
1107
6308
2617
2675
494
9730
1404
3819
1725
6168
2159
5396
2556
7999
9308
7462
5889
5087
7676
1010
6874
4077
2104
4578
9601
6773
9760
8769
2352
6654
644
12
3656
3042
7368
8170
1440
2734
1652
2600
1793
2568
7140
9853
5861
4284
9954
8352
8456
6572
7769
9987
6196
9658
9556
8097
9438
6953
3085
822
5188
7142
3956
1547
1976
2960
6899
5055
5051
419
2366
1510
2936
881
3029
7435
3787
8877
5469
7590
4023
437
6037
2848
5033
1239
428
1781
205
1791
3697
8896
6364
4458
8922
4034
4063
6517
5203
1059
6342
5517
8263
9153
6715
2958
1003
7536
3402
6692
9181
9171
5004
580
7763
5458
6103
1694
9666
9818
540
2027
5254
1670
53
568
9565
4849
867
6936
6722
4250
6127
5847
2890
8401
3411
1561
3016
9883
783
5318
8475
679
8234
7963
5345
685
2955
2736
2036
5762
8186
3021
1786
4277
4710
7344
8970
1783
5692
7011
9986
6552
6233
9033
6210
168
7776
8121
216
8698
1744
5452
9076
4946
9315
9698
2001
6981
602
8157
552
8987
1374
9551
2612
8211
735
6578
4636
6242
4051
7537
8779
3518
5977
6414
9443
159
1720
3660
6675
1925
3883
3970
2774
8418
3556
8390
8770
7842
9888
888
406
1597
6930
5326
5039
7613
4464
1620
3812
3793
2460
4716
7089
8612
733
8772
9430
1035
2307
4536
6904
4925
6543
4418
505
4241
682
2687
4601
9662
8788
2181
4105
1816
6681
7657
1064
6564
9019
7312
4814
8704
5052
4215
8282
7396
1922
3790
7584
6014
9615
8588
1847
424
1669
4396
2706
2640
7062
3786
6278
6295
5726
3908
1319
5562
1971
618
648
9409
7833
7118
9020
917
4728
9078
3607
2846
2440
9147
6141
8195
8057
719
6328
7447
5554
9882
4951
7766
3796
6826
7398
4341
310
1535
2255
4672
9005
7858
8141
3530
501
6023
5875
6551
3958
751
3321
7634
191
5603
1478
5946
1688
2356
1538
4802
861
4747
197
5898
5774
8763
2262
3151
4054
8678
2008
2742
5791
7592
8394
1439
6263
7300
6786
458
2341
1267
8038
9651
4863
4024
5269
7881
8587
1
7292
7480
2155
1249
3463
9144
2423
326
3304
2438
6292
4894
3512
5285
5126
8036
8104
2941
5519
1962
9514
9446
6531
4275
6614
3679
5874
6110
2380
563
8929
731
3122
6558
5437
7612
860
4912
5707
9515
3753
7471
5560
8902
108
9884
4518
2977
9921
2800
2337
6179
1980
2261
9536
3866
461
5961
4942
4243
8381
6446
3206
2201
3205
7353
9985
7984
8948
3511
5480
4294
64
1559
372
4751
429
4246
4775
927
9450
3550
1634
625
3732
121
8613
4891
600
5375
8837
1532
1923
79
7233
7029
8099
7651
6213
8330
1463
8197
3822
7952
9333
252
110
2401
3773
3424
5414
299
5984
5015
9519
3873
363
9892
3429
1220
1332
6484
2812
2601
2589
5544
790
3117
3295
5896
7729
3210
6509
6411
8266
8251
9894
3481
2551
3343
3248
9767
4075
2092
9906
453
787
3508
7038
7704
5786
1782
6643
711
7518
3906
7346
8535
5484
8593
7557
5792
7448
7119
5447
1011
11
9598
2765
3658
5255
1890
7296
788
7667
6600
5325
7895
5799
1162
3613
6889
1266
178
4736
8668
2658
7395
5689
2034
3164
2667
8503
1713
4281
3872
6892
2367
4665
1798
2712
2176
3927
2547
1019
6696
1240
4832
5620
1548
7880
6866
9238
1323
2338
8376
4986
9657
208
9492
8119
7305
2074
6461
5594
8614
187
6703
5012
9340
8261
8436
9270
4812
7539
9014
5509
3517
3625
5773
6593
263
4715
3892
941
5129
695
1343
6958
1501
8813
236
9415
4434
6031
4658
2924
43
9345
2277
7035
109
8144
6389
4746
4248
5939
7387
8275
1985
2760
5753
9975
8228
5107
2178
9613
5137
7108
7682
8827
5219
4124
969
7979
7601
720
195
8284
2755
7286
9995
4412
6145
7209
2954
7509
8164
7947
6374
7523
4963
8039
3514
8192
9722
6274
7814
7586
5597
7285
6927
4136
7797
6285
3783
3836
5828
6099
9650
7389
5972
2466
287
5216
3987
3262
6007
4694
8942
6734
5663
7164
2569
8106
7746
9927
2419
2025
5441
1761
2245
2189
2588
1888
3241
7173
3882
1908
6313
7740
9703
2095
7774
5417
6195
7579
331
1927
105
3213
2945
3490
2280
2553
8334
1215
8615
804
2856
2285
9297
3157
5794
9289
9004
2048
2066
3731
9988
7642
5191
9683
5831
1473
4564
6623
6612
7751
724
5912
4614
2420
8216
1537
5122
3959
5102
9388
7772
9393
3344
7111
2388
9647
6554
3003
8031
3346
7013
9208
5619
6474
8576
2482
7775
4477
4359
5958
7143
4827
6345
4815
4964
1066
7129
5072
2384
5314
5986
8540
2983
8686
4484
6586
7019
2900
2802
7360
1543
7259
4476
9049
98
7873
749
2531
7254
7274
5277
4174
203
4515
9027
145
3296
1573
9405
8812
890
9905
3263
1515
4445
2684
2944
1610
278
2976
7090
2710
7124
8303
2669
4156
8423
4781
1911
2185
5474
8989
6824
2145
9918
9734
3736
3267
4613
3430
7226
6683
1807
2468
2065
9349
6428
1715
1617
2665
8842
5140
8702
6198
2735
185
9665
8892
3887
3916
2887
6491
5734
3507
3260
7116
7779
7823
4373
8150
9136
4785
586
5607
6379
920
638
5292
1229
6092
4362
9248
8482
7067
5438
3318
1350
6383
17
1095
8722
1730
3233
9886
2996
8221
3479
7938
5616
8367
2935
2837
2394
8349
6919
6737
6685
5668
9313
1778
8471
792
8708
8305
3032
3229
7337
8734
5653
3943
300
2212
7333
3335
5772
5537
3705
3863
899
7854
7912
3706
9788
1522
2678
928
183
6997
7297
3800
2
7424
2744
6914
1904
830
2120
3209
91
7279
7392
1682
9358
8856
6839
841
2364
632
7197
6740
5456
6973
2409
2503
8332
3483
1929
5174
4438
4312
3342
5976
748
6405
5521
5571
5845
1954
874
1313
9129
447
3953
2174
3704
6750
6032
4534
922
5086
520
2312
4561
7365
6885
5679
1803
3219
7983
3339
8955
2332
3465
1484
8095
8034
7515
2862
8319
5457
5531
8010
241
3124
7639
153
445
6059
952
1073
7044
6054
8329
3994
6838
7580
170
5101
4562
1349
9672
8574
1329
944
767
9570
2235
2895
2512
8607
3539
139
1988
8662
5178
8431
2070
5866
6645
9912
3221
1931
7505
77
9761
4006
5605
3851
9707
7147
1514
6157
9789
5788
4654
3445
2305
2552
4687
5359
2733
7653
9134
4182
1960
5954
4532
6561
6085
199
7311
1870
9300
7707
1789
6890
6721
6620
2515
4115
1869
9086
1659
3973
1145
8322
1360
6712
8854
8895
9214
6404
4855
9207
9794
2756
3002
3139
5206
4324
5852
1146
9155
7581
1302
7377
2467
4916
7850
4424
8346
645
6104
2375
8999
5168
9908
909
6087
6063
5514
2111
8009
448
8753
1893
5478
1500
6380
6934
1808
1371
5971
413
4482
411
9797
9337
8326
7879
9170
3004
1105
3364
3048
6515
3270
4681
6550
991
6967
3814
9148
5093
2136
9911
2266
4794
5901
7402
6998
5424
892
8520
4807
5627
5834
5280
3
961
6602
7989
2538
2373
4064
3024
1762
3537
7138
8491
7350
8374
6187
8732
9900
9589
6812
2844
8210
9325
4918
9608
5974
3761
937
9343
182
9762
2939
280
633
1094
8238
8756
9719
73
5527
7498
9821
7550
8850
7409
2590
4188
4896
7857
9221
8223
8439
8206
3058
8285
1100
5402
796
8868
5120
8245
4074
2946
9628
4861
5361
4310
5054
6996
9323
7589
8746
7552
3769
7132
4758
3422
7222
2061
2298
309
5032
4990
4345
147
9692
6537
6255
522
2815
9152
8253
5258
7276
123
701
7427
5588
3098
2050
7754
545
646
6155
4591
4190
6854
8419
9499
7553
5147
111
2390
2474
3154
2229
2121
6424
8936
8644
9524
7686
5142
7186
955
355
7809
9038
8358
5708
9266
485
4435
5020
1278
2843
107
129
8105
6963
7596
7638
7264
375
8193
4885
5066
4465
49
8289
5241
4330
4018
929
6736
8298
1868
1432
3184
5749
9675
5813
9419
7812
8271
2732
524
3022
8940
4526
3226
2527
6394
6525
4839
2567
1810
9188
2571
7648
8882
8927
7621
464
8727
5760
7914
1759
2555
8569
55
9696
2488
4712
8919
444
8604
6425
5981
6707
4730
9287
931
5877
8226
9903
5593
8403
2868
4720
5131
8075
2009
1129
2253
7720
2789
9116
2594
9638
3012
8590
1887
3691
515
230
9436
4778
7021
4282
6644
8666
879
9913
4244
1777
7078
2073
4404
344
7200
1190
4350
2876
8916
7184
24
3207
113
5224
9779
2788
7430
7674
9407
4779
2124
9403
5658
2252
4021
9274
8767
450
4677
1037
9375
325
4859
1574
229
6948
4521
3724
5492
8840
946
4972
5136
7372
6159
9240
4481
1512
5207
7798
4400
6300
6477
6615
9790
3730
6522
7331
5938
1201
2368
9559
87
6173
4989
2445
9067
7001
3778
7802
6021
6648
4875
1078
753
1485
893
7620
8621
6468
3142
517
5645
5329
9053
418
5464
6765
1460
5908
8296
508
3156
1108
7971
7502
776
5621
5730
2761
7207
9506
6304
1799
1158
6632
1410
4771
5344
9956
8893
3062
9584
8222
469
1079
1899
462
5803
8790
5522
4974
7289
2273
3726
1989
1082
800
5073
5696
2907
4588
4069
5980
6109
4842
3498
3552
3036
6606
3373
5471
1723
65
2849
8659
5950
1523
3433
1196
8465
7630
2413
3632
9051
681
6955
2696
6097
7234
1090
9460
6855
7735
1690
5990
5225
7986
2719
5512
7908
5552
7088
1963
261
9629
6687
2173
1795
396
103
7694
990
7656
5590
2968
3243
4647
8086
3813
6402
4202
5823
5601
8227
7065
7101
2227
5817
2132
96
1195
9471
6432
2041
1405
9246
345
5435
9135
973
882
264
7220
6909
1015
4969
8951
1660
4611
1042
9366
7780
2891
7497
7896
4982
9998
9486
480
5227
1352
8952
9465
33
6527
5921
6046
6475
1386
628
4582
6604
734
2272
5036
6928
4125
4036
7079
2499
7166
3917
3199
3818
6738
6226
2919
2702
1924
6538
5757
8534
2435
5493
3680
2393
8835
3096
336
9849
3567
3974
3435
2753
3581
9177
7230
3952
6184
3698
1365
4566
1851
2833
7113
553
813
8622
8567
4652
1767
4311
25
8082
4759
8316
9881
6895
3560
809
8851
737
642
947
5117
902
4315
968
781
2434
128
2908
3153
5825
5194
7444
827
1622
1833
395
8199
7359
7282
7545
30
832
6878
6288
810
8472
1814
9215
5630
1444
8138
5985
9645
2479
8650
5975
5094
1586
4743
5403
390
2847
6117
4729
1341
3201
7821
8774
3056
8085
8154
6778
402
9781
4259
7349
2197
7237
7156
8528
9268
10
6148
9356
7939
4194
7130
1504
7549
4232
7385
5450
415
8633
8344
6825
8018
7470
6028
3801
2986
3791
3310
5641
3324
4118
4889
8113
6065
6730
6618
8725
4790
9075
6804
870
7080
5398
1643
7416
1787
371
4752
9771
3331
1571
6070
8008
660
414
1045
4335
1242
7847
4462
3903
793
8536
6223
6749
2581
6373
8421
9406
8426
4499
9716
9510
6089
7459
8748
9773
2739
6788
2933
2997
7362
1818
200
9845
3282
5193
7855
2045
394
5777
3472
4072
675
9889
6870
1704
2135
5231
9128
4981
8505
8415
1452
535
6506
8599
2757
1902
7681
8811
7050
9612
7792
8387
399
9695
7465
4198
192
8542
8356
5500
3820
3563
989
4308
4012
4339
8507
624
9981
5302
9189
2258
3302
824
7841
8950
3890
34
5341
1121
4184
5177
7030
1373
1627
4490
4723
5952
789
4280
5548
9718
3288
6747
7856
4441
5849
9827
6911
2193
7478
6315
4683
3919
4866
9205
4941
7500
5795
5106
9701
4629
8461
1120
8751
1520
556
1356
8357
2637
6829
9326
7556
8124
5504
138
7996
359
8072
4906
2044
1304
1144
2234
6852
8674
4061
6891
2242
9304
1493
9974
1154
1588
2165
707
1176
7976
2902
8122
8304
4539
172
7356
9332
9637
1507
972
1274
6949
8345
8901
3246
1243
3034
5821
6171
6560
5243
83
9951
9938
4593
1883
2269
9857
1498
3789
2799
6863
1135
546
7625
2411
1000
8212
4697
7219
4678
5997
622
9093
8573
8107
5966
288
7007
2938
8626
9459
6291
4879
6079
8340
3423
1912
1172
1592
9107
8451
3211
3719
81
3189
7544
9464
6256
2023
3468
5023
9575
5201
1279
8013
4351
1417
5840
5804
6782
6335
2406
9655
2149
3772
1269
5463
6533
984
1406
6437
6061
1623
8530
7800
5386
1692
1685
8301
4816
8441
7543
7567
7615
8838
7437
6026
7689
992
9376
5529
872
1394
7152
8213
1827
9216
1328
2463
2922
7717
9503
8409
3990
4988
4737
1698
9720
643
7566
5893
4792
1863
4022
6310
8045
1892
8828
577
3960
6287
542
7363
7736
4247
7241
974
4192
639
3984
8600
4834
7628
1339
6382
2403
3895
7788
5747
3717
1618
8073
9738
7690
2313
7591
4513
6294
7439
7644
2454
5338
9660
4992
8963
2089
5042
1072
5922
1993
3651
3538
7479
3839
5633
7307
2022
8114
5615
3627
5709
3217
8993
7685
4167
9428
6950
268
9168
4732
4164
5567
3741
6228
5127
8302
3168
6592
4323
8706
2399
4862
7972
3981
3269
1152
3077
6333
6857
2504
6396
4025
6192
7306
1936
6844
245
8830
8592
5372
1854
2007
5580
9074
7741
7446
9385
6596
4066
9592
519
6832
4524
175
516
6276
9983
5115
6368
6876
1631
4013
3940
8281
1127
3661
7223
7558
6129
2319
7658
4369
7688
4160
5595
4570
4415
417
7087
4725
1084
670
6476
6772
9378
7053
5186
1222
1672
2619
7853
6115
6030
6471
2461
7202
3861
7925
1327
7057
9740
5262
1896
5606
5221
7086
7870
7091
5121
3663
9099
7561
7366
2926
9949
7066
6417
21
2689
4765
482
3929
1563
9478
3779
6124
1455
2738
759
9548
7935
3950
2730
3621
1918
747
6783
4933
3365
1264
8962
6711
6118
1665
2370
4153
4001
2532
3143
51
5735
9620
2215
6898
6001
2544
9807
1423
9808
3417
9302
4171
5654
5189
6588
8484
6006
499
1454
6975
9082
4581
9785
7495
3609
5449
4126
5422
5956
186
9687
5704
6151
754
1250
4371
9766
6074
690
5925
9862
2510
5722
9819
1433
8443
7046
3369
3347
2042
9776
408
8885
811
4488
1693
4789
1585
7527
6544
3673
1245
6052
4210
7485
9962
4735
2192
3852
5111
7514
4463
1036
9836
6177
838
8920
2644
887
6591
2670
2436
2246
9309
211
9123
8198
15
7534
8478
8737
4930
7212
1487
1285
1164
4893
8965
4978
8391
4437
1224
2545
9213
2616
6910
2493
1403
2633
9871
3427
7828
913
443
6990
5695
6545
1232
1489
7042
4086
4584
8555
7158
2365
5078
1307
7789
3528
5123
2491
1296
4881
1231
2782
3462
3845
4957
5259
4170
1907
7250
1446
441
2810
3152
479
1391
2304
3037
3401
7906
7316
2381
9190
4131
5728
227
7039
7121
4450
6680
9182
3499
8380
9642
3193
9328
5963
4897
4858
114
6647
2059
2923
9043
4146
2981
9046
5917
3933
8487
4134
5878
8280
6921
9184
7901
7293
6302
871
8549
3261
8888
2354
5611
8497
3608
7973
4347
2639
1829
7052
607
7866
619
1295
9298
7844
9872
798
454
9711
7421
9562
2259
629
4603
6801
3006
3372
76
953
8231
4872
8537
4997
2950
9106
8695
2672
8084
5613
2971
5199
3840
986
532
5166
1016
376
9316
4420
7750
7898
821
2722
2901
9684
9482
3570
8432
5759
3649
8749
9930
5556
1246
5339
705
452
3388
1419
555
8134
7743
3886
1951
373
2326
7862
8265
592
6482
4692
2989
1508
2918
8701
5660
8273
4713
8365
3385
5205
9355
8012
7432
7911
2140
1949
7352
5737
6798
5044
9233
1792
6121
9272
3884
9507
8764
5132
6479
7706
5141
9073
2240
1965
9717
3880
878
3875
5903
7165
6334
5021
5610
5112
8926
9649
3028
3135
3458
5195
6777
5573
2006
2049
3611
3802
6771
9341
9960
9039
2286
5034
7516
549
5236
1542
2595
4178
3279
1973
9534
1650
4120
7564
5276
2310
2728
2975
8335
883
4129
6694
6987
9269
9685
5312
7302
2361
4935
297
2993
341
7054
8784
1047
2752
8719
3146
7876
5587
2824
2998
9084
7272
2410
2718
7095
157
8787
5046
6532
7942
6341
815
509
66
3843
4516
6719
3659
3695
2260
5232
2225
4706
9394
2659
2606
4984
6674
2481
7888
935
8661
6002
2395
6422
7846
7730
9435
3543
4567
3448
2661
4639
534
4828
8572
7687
5098
6903
1768
9549
3391
1739
228
3323
3147
9874
3934
5673
2030
6293
8294
1151
9473
9745
8090
4395
5366
8785
5507
7520
8721
6250
3353
9227
6399
4494
1270
8809
7838
1375
4429
9314
6227
5215
4927
916
3535
5317
8339
1400
1292
9296
7294
4498
3115
60
9677
3670
8917
925
1447
1431
9746
46
8116
9081
5479
750
3171
6378
9578
3777
6580
779
4142
9352
858
2343
5159
794
6881
5724
2662
5768
5354
3640
4274
9060
9495
7563
8860
495
5408
3379
9367
9024
6116
3642
8728
5715
6397
9798
74
3954
5701
7964
1430
9142
1745
996
2080
1551
125
1995
5738
1060
9624
9837
2122
2521
8139
7163
1728
6864
2233
2645
8844
9932
2456
3026
4046
6448
3215
7099
7428
2039
2677
8681
8913
1385
4289
9780
6459
2518
3235
4316
5913
201
3878
9158
3148
9943
8458
476
2152
3923
5327
8178
9643
6352
9520
3780
8270
7214
7332
6952
1068
6983
3911
692
2448
5602
7442
3400
6358
2698
6043
1732
897
5018
8359
6251
5661
3936
2430
5837
6497
3532
8477
6577
8083
5829
9801
3559
3123
5006
4865
5432
5064
7263
4769
5415
308
6699
3716
8189
9939
4877
6473
6280
137
7342
7245
4065
9566
2469
2775
9141
3926
9476
6015
9284
900
1944
369
9885
9291
5197
8876
8556
1488
9899
9935
6137
8524
9180
6616
3236
1411
312
3541
2244
6225
2693
6607
4224
661
5559
4980
4619
6301
4099
6489
5426
8985
293
8810
8117
5287
8791
4223
1213
7243
4052
4093
8969
7696
9461
9587
3084
5873
3657
6701
5079
5568
3094
4085
4186
9396
3576
7270
5041
1097
3416
7733
9893
5999
6320
1733
7199
4211
3484
7749
257
7460
1125
3844
7265
994
1842
4231
6659
7679
7499
3395
3615
6621
5133
3586
6245
3011
4332
6050
2631
2539
3849
7283
889
2172
7082
2785
4985
6815
5748
9841
6055
3571
1741
4042
3118
8201
2402
6277
2940
9541
8862
5490
8190
9229
6445
4229
634
8092
7271
3848
8033
6507
5446
5233
8066
8438
5713
4806
2432
7995
7891
5720
9640
2530
6630
7636
1711
2694
2927
2932
5634
5092
5024
3307
5742
459
4718
7886
9070
9256
6875
8382
8323
8995
477
484
9250
943
903
2462
2236
820
7616
3418
1110
1556
3992
591
4748
433
6363
161
4960
9404
4890
2896
5220
763
7185
3218
1611
4868
1875
7899
696
3995
9373
5666
7191
2768
3921
6150
1724
7755
4443
8610
5368
7043
6189
5380
4035
4117
5532
7712
5506
1206
7092
348
6420
22
8407
7512
6095
5427
7268
3172
4721
1390
9226
9765
7748
9544
8631
8578
7726
2322
3516
481
36
1325
2247
1150
3200
5528
6635
4674
2142
3904
4617
1582
2585
8872
7585
1263
4113
9452
3899
4699
4689
6897
7531
3725
7673
2166
7018
7407
1568
434
206
2780
5717
5144
7174
6971
2524
4296
1642
3297
9064
669
360
914
4883
6487
894
3641
4788
6102
2157
1970
9143
8589
1112
7883
9330
8561
8747
1675
5365
5637
8689
2648
7668
4542
3114
352
654
4690
8677
1461
8350
4686
8017
9293
1555
8918
239
3489
3212
1318
9540
9252
3858
7863
6972
2767
6758
1714
3277
2427
9125
9018
6488
706
5895
1355
8100
242
7248
8953
4327
2372
8130
6236
2608
915
6140
3652
1445
6861
7105
4285
5416
4112
6098
5533
8242
4183
3868
7930
1001
6791
1428
4366
9867
7032
9664
662
8171
6579
4657
5388
1378
4189
151
6763
8115
8463
2550
4003
5643
5549
2779
7535
597
9485
9280
6237
8460
1326
1668
2153
5202
78
7123
4610
3765
6106
5638
1388
6409
4799
7381
5235
1348
8930
3937
7614
5940
1312
2098
4314
7684
9187
6709
1453
4823
2793
3319
5876
6191
8655
4030
7096
4749
8712
3311
69
5914
3336
8543
5705
3669
2347
6258
1257
6080
6161
4260
3515
2348
6049
431
3722
9159
6710
4451
8022
9877
2967
5362
8262
4460
9085
5609
2704
9812
5812
7660
2317
9723
4097
4266
613
4173
6641
8149
795
3049
6185
6125
9627
857
5175
6094
2168
3505
6362
2385
2676
3009
9652
9414
3088
2270
2191
7153
9279
3759
2290
5010
6212
3136
3760
9259
2899
8485
1247
4809
7137
3782
6650
7716
6639
5973
7874
8526
5924
6180
2692
4485
6555
8959
3823
6367
8274
4901
2884
6441
72
656
4264
8996
3410
886
8035
4501
3477
8427
8167
4007
7865
3265
5060
8983
2982
1317
6970
9176
9101
6100
8998
2217
5428
7611
7203
6069
8669
9959
2265
4770
7180
3700
8814
4442
1183
1189
272
1276
6822
6480
9041
4630
2845
2992
1426
1227
1075
980
1333
9013
3888
6361
4353
6686
8256
4392
1425
1364
6403
8778
1959
2125
2930
1706
5200
3979
267
7843
4882
1017
6746
6666
6406
1168
4011
7299
8064
9633
5581
713
6469
3647
3487
6511
7049
4537
8933
7770
4127
4707
8935
4905
775
1354
4491
1383
7848
6937
1612
7434
9712
9433
8052
7097
2999
8179
7420
28
6877
1994
5332
3712
9599
4301
1099
400
8632
1838
1607
232
8513
6547
5659
6756
150
9713
3624
7131
8545
171
5536
5307
2397
5670
6601
1674
5468
1006
9440
5860
2948
6810
100
9530
8355
5389
7145
8776
3361
1722
9777
5944
136
2492
4087
715
2942
6076
9311
281
6149
3091
1938
4618
1897
4995
9061
338
27
5618
3438
4060
1268
6412
6454
9489
7411
3223
2160
3109
3850
5884
2854
467
5096
7885
3309
7229
635
2058
2014
1494
2750
5068
2105
8151
6186
4724
8209
7551
9538
7146
7985
4278
3946
3681
4031
8538
5379
8833
7860
6416
3799
9444
322
4856
7405
7829
2057
3834
4550
9809
785
3167
981
5555
9763
3585
1773
6123
4688
3093
8479
7645
9022
1638
1624
5367
2630
6796
1998
896
7629
2374
7932
1788
5816
8241
1155
774
4228
1717
1221
9942
4138
6565
8126
4637
9693
7020
4871
2853
6329
6246
2177
3964
9879
6426
6646
5249
8425
8608
7702
7070
4212
4830
7037
8824
1381
9488
1603
8867
4932
3264
3696
3930
4201
2443
1141
3942
596
5081
2917
2575
2886
6275
7859
3023
3612
5173
3520
4318
1415
7221
9498
9539
7607
7959
4
4364
10000
4272
1004
1871
3306
6321
3825
9964
2731
2487
3057
5076
2150
8664
8754
8582
6589
4495
2641
8250
2726
4656
8690
9424
8757
1175
367
5395
2817
4176
7288
3280
919
7468
3910
7433
290
3254
9978
8553
4271
6269
9875
318
9065
5851
7458
2605
5694
4446
8015
7275
8081
1616
3478
6814
5739
712
1314
8738
4497
5911
6183
9245
4096
7317
1557
3699
4235
3776
3368
3315
3737
7481
2554
8915
6142
2558
2190
2223
6073
4926
2339
2296
9010
8496
8450
1716
936
2695
3409
5230
3249
7510
7910
5425
7009
4245
5321
8043
7017
6128
1397
6259
4886
6698
4403
2110
3001
362
4329
2705
1438
9475
3450
6493
7723
3384
3748
9866
4306
8515
9223
7022
1800
4902
4338
4005
3281
3271
5349
911
3755
6521
9398
3566
668
2762
9487
2697
7047
4650
7041
7393
4797
3350
3709
1358
3008
2916
8483
2724
3268
6207
2972
1934
5798
6764
9755
7744
2965
1581
7304
4447
6423
486
9056
314
2408
3363
5056
2543
3972
6272
106
5915
8175
115
9709
6360
8713
5271
5282
5640
6370
3130
1345
5583
1972
4675
6568
327
8110
5308
1122
921
5161
9950
2289
3664
746
6988
94
3768
3383
590
4103
2855
1645
3523
5843
1852
1763
9105
3488
4219
8184
7240
5685
1602
7618
321
2167
1575
357
3557
2580
160
8773
1835
3329
1831
4959
9257
3061
5472
3162
4203
3605
1283
4803
4626
358
6413
3742
2509
273
4195
9237
3341
9694
1737
1106
1853
9265
7849
5273
7897
2309
5902
1527
2680
9526
1903
677
8160
6995
5945
2516
8257
7414
8372
5503
9336
9275
2813
3544
5677
7693
6840
2206
5465
3580
3688
3713
7449
4709
7801
386
5095
4313
302
5430
2979
1953
6693
1900
7192
6005
9741
5016
1596
283
4895
5702
5890
7488
6590
2033
3017
6583
6
2892
8726
7791
4506
3453
5149
1654
5575
743
502
2287
97
4107
3932
5083
7632
5635
3414
1309
8575
6924
6053
4394
1534
5295
9705
7330
5782
190
1840
1661
6176
8648
5208
8047
1399
1074
3928
3128
9630
722
409
490
5397
2622
349
5499
8641
3574
5238
4826
9321
2805
8353
9639
2937
6252
2346
1920
7452
2055
2230
3912
7742
9994
3405
2349
651
3033
7948
5579
6501
3809
3728
4742
6915
4580
8586
5172
4523
9121
2100
9467
4076
3767
6705
2424
1666
4388
9122
7719
3437
9928
5075
8413
4486
3915
5014
1315
5943
3285
4193
2818
5881
5030
4261
2376
471
7251
5275
1700
525
5733
5494
3216
8480
144
2778
2528
7845
2186
5331
3293
7117
2431
2450
3644
560
4612
7102
8453
842
1490
4334
6566
1058
5698
868
3474
1286
4623
674
8623
3686
8364
5412
5204
6051
1546
8486
3421
2398
4931
4936
7343
9967
770
5534
688
1880
2069
6862
5288
7157
5382
2526
503
1636
7456
2306
8255
7951
9976
9292
5941
8794
219
3494
924
8311
1811
8841
1387
7002
3955
2353
1992
8120
1226
2642
1308
4500
5263
1707
2717
9392
7595
4389
7277
9733
2180
5373
2360
2497
9803
3120
6989
7598
4302
7652
398
4430
8118
1052
8694
3052
5421
9494
387
4821
9831
3966
1063
8861
1069
2203
1093
9225
2562
9386
7469
4940
3351
6611
4416
2758
1858
6713
6131
689
7927
1764
1209
575
2447
1126
4757
2688
742
2906
5856
118
2221
1865
564
8514
2207
8384
9774
3358
7122
9183
1913
6553
9431
4545
5820
6631
2158
9098
3766
1855
492
6243
4089
5461
2582
4668
2636
4596
6802
3618
8500
47
939
6774
307
3991
8005
6689
8137
1297
1480
965
9564
2988
3909
5671
5649
250
8822
8563
9312
960
5888
119
6429
1204
313
4867
4474
4056
745
5919
9145
7655
7640
9034
3545
6298
2809
6917
4152
9554
1774
2882
1322
1849
7839
5074
9363
6170
9750
6541
5013
8723
1021
9413
5510
4899
209
1040
9112
9383
489
6381
5476
9953
4414
3240
6813
2905
6008
7697
1197
3194
3177
8132
5411
3188
8947
4220
8605
797
5652
6516
9759
1600
9843
478
570
6324
5572
3397
9058
3637
2425
9007
3817
4554
3155
2359
9045
3497
6901
808
9805
2362
5324
8042
3996
2043
5642
4436
5150
2807
1874
9563
2013
5871
2970
2299
1750
5192
8639
4255
3830
9253
3455
89
6169
306
7406
554
8954
2725
9856
8508
4227
1753
9470
6253
1615
4622
5089
7781
5547
3459
3687
2282
8414
6745
1519
3040
8647
4929
6072
1957
4772
9602
2378
6882
3752
2842
6502
6587
4370
2123
3775
8354
9484
6799
7031
1894
4800
7626
7464
7193
6941
9071
305
6444
2797
3751
9231
1005
1576
4795
9197
498
8062
8798
2017
8103
2654
3653
4548
4628
4449
2541
8411
6718
1128
8499
6010
4762
3449
7892
1346
6035
6985
6024
4383
5624
7281
7970
2093
966
3050
1055
8683
7280
9993
777
13
2278
2187
7461
6000
4538
6036
7109
4961
8891
1898
1301
8406
4288
6670
671
5299
8168
2198
2321
1342
9469
8123
4846
4638
3620
2175
593
3733
7923
5983
1695
3132
3595
739
4033
8817
1032
2422
1160
7692
8768
918
7524
6466
5766
5550
3015
6218
8152
3675
5674
6702
7758
9320
4734
7267
2795
2500
3617
7727
1114
5180
854
9697
8904
8826
5059
1564
4555
9525
1443
1536
7966
5525
6697
652
2151
4144
7577
4549
3266
9806
1248
4808
1531
7063
9390
8328
5585
8581
1477
845
2418
9319
7084
3340
8310
4401
6281
3879
8291
8129
35
2621
8044
9546
8268
5460
9822
2533
7336
9528
3551
6319
6230
3486
2749
3876
2624
225
7576
9114
1098
7036
3308
7319
1699
4319
6816
9725
6999
2293
2267
7867
2574
1057
9031
5882
612
9537
614
430
9468
8627
1554
5482
3191
3555
6695
5212
4159
3707
5592
3702
9839
3169
611
8336
4344
4833
9339
3743
1558
6460
4621
1609
5247
1664
1101
7913
8875
1658
1305
1212
4299
3291
8687
9493
4108
4773
9721
1862
6472
7303
4165
9648
817
6011
5483
9362
4496
9209
9990
5065
9193
2472
8931
1235
7328
672
3993
7609
8058
8166
421
7072
7941
6178
7329
251
7962
985
5442
4784
8521
755
7167
5787
4234
5754
6657
2281
7128
7662
2342
1083
270
7960
9477
5058
5746
4531
6907
7587
3204
5108
7931
4606
4873
5741
7739
5651
9504
7795
4667
3287
3220
2584
3059
9979
8200
7574
9511
1140
4297
5858
4558
6167
5486
1434
2557
5563
7659
9127
7073
8718
1760
6144
2808
8493
6318
131
3784
6490
1727
7633
2047
158
243
8173
6613
9026
9558
512
6351
7757
3781
3745
4004
9277
8400
143
4602
2870
848
5444
5578
5090
666
328
8638
2607
3638
8934
9163
835
8585
6820
2330
5350
6849
9322
1149
599
5617
6199
6175
7172
7993
1632
8402
3292
1464
683
2292
5328
7953
2129
663
4207
3963
3208
3558
5897
1696
9708
2787
4844
8793
1102
831
3055
4058
5099
1950
1804
8665
3076
6200
3159
285
2597
4530
5807
6039
235
2016
3891
7771
425
1824
7992
2978
2271
6427
8527
898
7473
5892
4114
7957
9408
5566
1092
9656
3527
4598
1599
3509
4970
3604
850
7649
6836
7394
2674
2792
6585
6776
6743
1393
5306
4599
2003
9890
7573
8740
8208
256
4551
6794
8855
8494
6090
9816
4999
5125
7810
374
2647
3548
4854
1846
523
1398
4008
2660
9401
604
8628
7555
3521
3327
6041
8821
2444
8818
475
4419
8914
5667
68
5383
5518
31
6485
1738
9917
3501
8292
5343
9198
9372
5886
930
8870
8984
8007
4913
262
5043
6965
7606
9922
8338
5244
3674
7429
1087
6211
329
9353
6656
8682
5322
3540
364
6658
1137
6673
9957
5097
7559
8373
3810
3572
5082
365
4998
5313
970
7672
1544
3250
7977
4541
2495
964
4739
9397
5223
9873
6679
8474
9267
717
1207
8819
8447
3601
8956
6154
4722
6784
9480
8546
8711
4589
987
6661
4331
3046
1625
9232
641
2250
6273
6608
5423
6563
1039
1051
7085
6726
533
3073
5614
6584
164
610
8601
5433
8744
4320
1178
2382
8236
4376
1587
9904
4950
7721
5960
8412
6162
9234
5978
75
5240
2579
6462
2772
1427
57
4019
6182
3444
4780
4810
6637
764
4082
120
1771
1244
3439
7724
1214
5918
8306
1837
2024
5700
7228
5190
4346
8908
2099
3828
3593
9728
5025
378
8041
7650
6113
5910
2623
6926
8949
1984
8288
859
4822
1053
8550
71
3524
699
6120
7569
4043
3063
1476
761
9920
4753
8852
5113
5505
3678
5979
7150
4983
1580
7503
6220
3568
432
1921
5185
8808
4354
6742
5657
7954
6672
9505
4478
4079
4230
8799
4522
2838
7012
506
4109
9463
5487
1646
4405
8040
8378
1566
6447
504
818
762
1211
5498
9731
6122
8459
169
6797
5298
1103
6940
8163
1879
152
3650
8176
9097
231
7711
8544
7045
1258
5948
8283
8670
8470
708
8782
2075
4421
6495
7106
8845
1806
9706
4860
4666
5495
2814
3771
1377
4360
4473
7808
7981
6111
1282
8196
2535
7431
8320
2170
254
2910
2835
383
768
2303
3495
8864
3853
7785
5879
1311
8616
1766
4818
7486
7988
7731
2046
5281
6671
2643
2012
8964
2614
5103
6605
9737
9704
723
6369
5808
8248
4073
5887
8961
7378
1836
8217
2682
4829
5467
1677
5962
3747
5284
1136
8389
8745
4197
7664
8716
5647
1029
8000
8834
7100
7418
2566
9429
5806
2143
9130
2962
286
4154
7227
1148
6984
9500
1987
1025
8805
4673
3413
4655
4670
237
7583
7341
5955
6062
9420
8145
6959
7183
2038
3355
536
1653
2442
1979
5731
6388
866
4733
513
8707
9329
1679
627
5470
1392
977
1185
2653
895
1284
4380
1382
2363
1344
3738
3739
4307
9513
9410
1958
2103
9369
8750
9497
361
8720
23
7610
3316
5763
4386
5297
7588
5316
2618
7076
710
8127
14
655
9243
3720
5342
8442
1884
993
6188
855
5364
3082
8430
7127
7961
9991
7813
146
5183
4754
1287
9154
5434
4439
9150
3419
3039
714
933
449
8276
4147
2514
8375
8825
2063
5538
7538
2991
2529
1815
6020
8059
8004
7578
4122
4095
3896
4084
8286
6029
7738
5790
2721
1709
5153
6900
5771
4088
647
4711
3798
6571
6856
9887
7602
3634
9365
4660
9
3969
4766
9607
5697
1193
2097
4361
3259
8649
5516
6581
3163
7324
1856
8617
295
5793
3718
4700
3856
3682
4904
8733
5998
7978
5179
9447
6202
3442
2053
1177
7887
7034
6284
7864
5100
377
1790
439
4811
5591
7246
4574
1357
4705
3065
9689
7273
6430
179
4196
8743
571
3145
5160
1594
5266
1540
5218
3044
9588
6770
8516
4185
1812
8220
6817
1933
3905
8736
2572
8279
7882
6064
2703
5865
8871
4819
2195
2480
9844
416
4616
5031
8174
1330
9483
9523
6486
4040
3874
2634
1271
4813
4002
2032
7278
7493
3225
5863
752
3606
5833
7357
1351
7000
5714
9835
4604
4411
7112
134
1999
4645
5336
1841
2858
3299
5264
8807
4050
3030
3141
2825
5526
9571
3412
1458
5942
8337
1402
9052
4262
2770
2416
1828
5290
7506
9079
3867
4356
4209
9770
8102
4853
9025
9545
8973
7104
2823
7061
1238
1736
7308
7351
8466
7400
5994
5439
8591
269
839
45
5164
667
8705
1259
5009
2604
9543
2578
8333
4967
1718
6853
6309
744
4703
2501
1743
5839
4509
9479
1023
2898
1252
7005
2577
2840
3394
1983
9012
4067
9346
8792
133
5970
7946
5814
238
7162
116
6289
9851
3066
9222
5750
6887
834
4101
3715
8078
773
6481
6540
6449
5586
8906
4947
7205
8938
9021
6619
9916
163
704
2051
6760
6923
3577
3137
4009
2200
1937
3629
528
3197
1251
7301
104
6609
6105
5836
2920
7187
330
6339
5320
7790
4708
217
2592
7554
1755
8874
8523
4263
940
3239
7327
8239
1367
6542
2276
7975
5348
4987
1009
1048
9251
1022
440
5040
5830
112
6134
5844
8069
4047
1281
4431
7824
3654
5187
9876
4741
2911
595
3815
9509
1416
4286
1647
4111
851
380
6047
59
7315
5680
1265
8547
6282
3165
812
3846
1138
9522
3596
1422
8455
9481
9432
6961
7386
6993
3068
7562
2804
9673
7457
7822
3345
3238
9278
5229
9164
4514
7058
8224
176
9661
3110
1123
5301
8752
5278
3685
5319
4651
5401
4835
3378
7933
9758
8912
6012
4653
2549
2470
9735
5239
7175
8452
6240
6913
1407
1943
6247
6739
1640
8699
3161
5310
316
1978
6355
7335
4309
5351
7482
4155
8244
319
729
3871
7570
6496
5157
7532
8843
2284
4719
265
1310
451
9357
6529
5623
664
728
4444
7728
2117
732
6438
9351
4880
1578
6888
1919
3407
7605
4402
7937
5256
7361
1967
6456
4920
2396
1802
4953
6539
7540
5420
584
6944
4106
9946
6398
4017
2777
6536
9212
6790
1046
4641
5303
3531
1471
8676
7196
4793
6781
2386
233
7708
8161
1124
5228
7778
8061
4693
9364
370
7997
1085
3668
2389
3031
9931
1889
2859
4571
3598
7215
8924
6431
3242
9817
9868
6625
248
4268
6108
8937
2505
8080
8703
7313
7075
4922
3107
2254
2747
7051
8866
9811
5334
2519
304
7098
6752
7
9491
7208
3333
3533
6980
4956
5718
2649
7861
7521
6181
6221
3121
9861
782
4684
4557
9000
6841
4163
2783
8053
9425
8642
4158
5
1081
4576
7677
7820
9217
3286
63
2626
7115
1906
8128
7169
3440
9220
4015
3294
258
1649
9982
8789
9865
9111
2655
5934
126
6197
2064
2796
5196
9089
3447
856
1905
7623
6653
4100
4669
2754
6526
2576
340
4704
9092
8366
1941
7806
5540
3655
488
6268
4632
8399
778
956
220
1293
412
3860
3312
5184
7909
5436
1506
9919
9580
1467
2657
3496
2811
2171
8880
9597
1291
9970
6523
7255
579
2029
703
2966
9016
8658
2699
249
7940
7010
3234
3371
3636
3005
1194
4236
7413
1809
9577
426
3561
6982
3947
224
5951
5904
6143
2446
6793
3746
6238
2112
8434
8383
6346
8898
5883
455
2790
6060
8847
7508
1932
6219
9907
6152
8673
259
7647
8037
1368
1070
3349
9113
4887
7701
6165
539
4609
5725
4756
5011
6843
8476
7783
1116
5245
7713
3918
9947
572
8314
5069
9199
3967
2502
799
5818
9834
5625
9324
2086
4387
8786
4949
9891
6283
1080
9453
4573
5333
4991
1031
1335
6009
8048
5796
8235
3703
4059
8760
6392
6991
4731
493
8921
8074
82
934
4143
3179
1579
1130
3289
3770
5639
7141
6728
700
7247
5340
9175
5574
8385
4162
9686
5931
1316
6044
531
8215
4276
8533
6819
8671
9984
2404
8635
1414
5135
6286
7110
9583
7026
6091
6830
6498
6132
3380
6254
6932
8202
366
7878
9729
2679
9847
3951
5454
32
381
5991
1300
80
9632
8894
8207
8218
2301
6893
6003
2154
4150
2216
4744
9840
8988
5385
8829
6040
2107
4727
8630
1376
6260
1832
8994
5242
4661
3626
333
6762
4976
2283
640
4492
214
3381
7159
3754
274
3997
3074
2371
6868
8060
1572
4971
2489
3597
1613
1505
976
3592
7148
9842
3931
8377
514
8974
403
5145
8230
1991
3376
3284
6741
291
2078
3762
3322
1188
1747
3824
1860
7242
5900
1691
9338
8759
1448
1153
5589
8001
5650
70
6231
998
7262
7422
3522
582
4910
8046
4938
3138
2713
8495
7474
3902
9103
353
62
1115
3998
9929
6755
4695
3434
4417
8565
5210
6823
5214
3897
5626
7190
3603
2546
1061
4607
4761
6594
2085
5712
3337
5130
38
3425
3869
2476
2861
9235
8395
2274
1441
537
7014
760
4470
9230
2202
609
3750
4479
7868
1236
1449
7320
2405
2806
1067
5959
117
4233
5764
7593
9799
529
4529
6224
4908
2822
5347
2615
7852
9958
8363
1429
5445
1545
2646
7323
3590
5291
8049
6723
9417
6792
5819
9132
6372
7397
7149
9659
9669
8011
2821
1034
4367
801
7027
9977
4764
7666
9814
7637
1839
2275
4911
7705
5576
3864
7945
7528
2711
3785
3047
6312
7309
194
5311
3616
1629
736
1089
3181
9859
9423
5655
5557
9532
4649
4869
6299
8525
3630
6663
7194
468
9310
3622
9241
8112
8564
4520
7231
1255
1216
3965
2148
3536
6651
84
2179
5765
368
756
1299
1877
4585
6314
6492
9924
8859
8504
7604
3202
4480
9682
7120
2205
4625
5542
5134
420
6809
8656
7412
5453
6640
9200
7840
6385
2428
4577
3067
9724
2629
266
7204
3320
9068
2737
583
5967
2729
9087
6375
7944
2943
5003
1754
1132