4515
4173
4223
1747
1162
2695
4563
4475
49
3706
3680
2176
451
3099
2550
4333
3695
1475
4023
2443
2737
3204
4367
3198
3818
2246
1242
3928
3739
2499
663
92
3365
4785
1748
4638
3234
2511
1502
2804
4680
871
3399
4726
4369
4644
393
4171
4802
3438
772
427
2522
3180
2752
4601
3863
1560
3440
2734
1830
4960
2822
4155
136
1075
787
3485
4828
916
666
3979
2986
3587
3676
4398
1782
3828
4526
2202
768
4089
3245
4981
861
1967
3984
256
4061
4459
1933
579
4043
3336
1499
288
2774
3617
4742
131
600
4903
573
1085
1348
3726
3827
1029
3077
3760
4124
4059
1383
2109
1214
2190
696
2440
3589
2146
2534
1662
3455
1089
1565
4294
214
4548
4949
3883
4231
4990
153
4509
1001
3602
4950
4894
4157
4392
3633
4470
2049
192
3663
2808
39
1275
3600
287
3757
4219
3078
2863
849
3562
632
4251
3711
3609
1305
349
4394
77
4516
1416
725
4401
4970
1851
4521
4381
4775
1864
4814
1759
3963
4443
2320
3470
3166
2944
1108
4615
1374
1641
1619
729
4182
1398
1820
1183
1969
3670
4503
3727
952
3918
4316
1977
3999
746
4484
4899
2953
2790
60
948
3107
54
3434
429
1022
1778
4414
4044
897
1557
2370
1031
4383
2864
825
829
4015
931
3205
3807
3264
2
4302
3140
1308
1124
2606
2561
3588
3391
4390
642
3172
1210
838
67
3290
2294
2143
4934
4442
3888
2006
3350
2152
71
135
752
558
268
2618
4029
4914
301
4447
107
1317
4511
4531
3185
3362
3619
1215
2857
1687
723
2107
3877
1796
789
4120
2418
588
3281
986
3995
932
1328
4099
3029
4271
3904
2898
2285
1959
576
3907
3251
3154
2222
2911
3191
810
4776
1421
1893
433
662
1245
330
2410
2162
4075
4834
64
748
1550
4528
4158
3200
1164
4105
2580
4480
3287
4047
3835
196
1244
3800
354
1036
1549
1448
3189
1441
4537
3769
2847
4930
1921
2572
4225
3550
2598
200
2426
1250
1712
2002
376
4094
2475
3437
1942
1708
2876
2733
3241
167
4252
716
209
860
2665
2473
1444
1531
3134
3565
3269
813
4391
4076
991
4178
3618
645
3864
29
4728
3411
4027
205
1246
2825
3400
147
133
2292
1566
1488
3793
1678
1994
4609
1889
4658
2096
1876
2795
854
218
2971
4474
61
536
1024
1886
164
2965
1200
4530
1955
497
934
2229
1428
1755
3235
1715
3894
2691
2195
505
3655
1592
3899
2657
2600
4293
4236
1587
1868
4137
82
4135
3282
2312
538
1650
1756
2760
3439
571
75
3573
1709
2683
34
2837
4149
1409
1265
684
4941
2554
4034
2402
4227
4359
2395
2887
2679
2346
4909
1375
2655
2928
2865
4342
2802
1235
481
353
2438
3568
3177
3229
1449
2163
2670
246
4582
3519
4290
2990
4541
3258
1908
3703
1016
3095
95
2586
2532
3581
2726
3954
1543
4315
4620
2688
1835
4809
2886
719
3572
2357
3475
3067
3351
1923
4063
4148
4822
1979
1332
958
2573
2094
1411
1407
471
4433
1696
656
3187
403
3890
3321
441
619
1891
1044
1130
3051
1066
1205
879
83
2073
601
2801
1148
4439
3315
677
4999
4313
1920
3369
3781
2194
2446
3693
3513
900
4868
1356
1907
4332
4384
1
842
3291
2575
2510
1843
586
1465
3335
2171
4188
777
2235
432
4740
295
4749
1817
2385
1204
4807
134
2949
1879
1418
417
4797
1366
4773
4574
3407
2375
1291
2208
524
233
12
475
1859
511
177
3518
1515
2078
1951
1758
4164
1521
3887
2924
4200
1520
3784
2620
2211
4276
1791
4856
578
4456
3601
3376
4489
3443
423
4869
4426
502
4815
2065
4819
4327
870
4643
148
3322
3179
2298
956
3203
4324
979
2158
4126
3237
1536
1718
1887
1804
4931
1849
2317
3715
3881
264
2995
3817
3482
4345
155
3744
824
4007
1823
4988
493
3495
1919
460
2915
1735
764
2735
2490
4662
3052
2373
4513
2186
2326
4387
2183
3334
2422
4963
2639
4479
2922
4940
3316
2444
4922
1295
4300
1059
2148
3279
3255
3593
3217
2047
1344
3578
554
2277
230
1605
3885
736
4354
2603
4971
3181
2921
1422
1734
2918
2366
3420
4890
2622
2608
1402
613
3097
3668
4417
165
1943
3340
4292
1965
2830
2736
1079
732
1676
1097
969
80
1620
2796
1912
2661
2983
510
3778
884
1931
1751
3732
4321
4101
4280
3171
413
2788
366
1014
2005
2812
1672
4567
2453
2301
1140
4406
3102
3410
2449
1457
3162
2059
3681
539
2077
961
749
1808
2668
1338
2480
4852
742
2720
1822
1376
635
2210
1464
3332
643
4144
3472
937
1093
3880
142
2842
4350
2940
1370
304
2017
2257
1898
4131
3075
447
2906
2884
1153
2694
695
1294
271
1478
2102
834
3363
96
3575
3788
430
1115
3456
324
4380
3858
325
4000
2509
485
2969
4818
2254
1682
3320
3008
1902
1230
1837
2170
2635
3809
1419
3623
351
36
1853
3014
1453
3909
2227
2121
3418
3638
3123
1785
2193
1000
4522
784
4859
4250
2794
1158
1935
3398
282
2836
4495
3697
753
4685
1141
363
4183
4174
420
2021
2231
26
541
3342
1584
2062
1224
3184
1160
3801
4478
3511
1841
2494
1906
1745
3459
1435
2889
2100
2224
1954
4628
3797
2116
4104
680
4476
3395
204
4974
1253
3202
700
412
3616
697
4328
3505
2528
84
3270
1354
1821
3868
1595
3517
220
4882
3941
2159
3667
2138
2813
4846
2852
4255
2946
2390
2571
3852
1082
2381
688
3497
3950
2992
3137
3579
113
2029
2241
2893
1163
3416
4857
886
4261
2500
3356
1647
1439
1326
3845
2558
4645
1228
1026
1750
4897
859
3779
1852
1838
4100
1336
738
3483
3966
1671
596
4715
1546
4477
1277
210
3719
2721
1247
1208
4308
3357
2169
1894
1844
2255
103
238
1968
143
87
990
957
2782
4701
2630
912
4201
3169
1888
4194
1091
4453
3105
1175
89
767
3094
4408
1304
727
1241
2513
3302
3309
3672
2487
2722
2407
4982
4395
2902
3816
3021
4264
4924
4523
1987
2160
1733
1193
670
1571
1562
3612
2339
795
322
2637
1178
1925
3404
3743
4025
52
3846
4535
4683
2552
1561
1813
711
3607
2746
4789
2998
3374
1417
4864
3377
4693
350
3249
3380
66
3501
2537
234
1074
4247
846
3012
2074
4304
391
4122
2030
2540
3861
3339
3813
2322
851
4319
3124
3240
1042
1958
741
890
4141
1744
244
3973
4803
2870
4239
4752
2692
4849
1542
2088
3649
4687
1345
3022
4150
788
4441
3805
3175
3182
3631
4517
1985
16
1563
2846
685
4228
2503
4377
930
4269
633
4743
1922
812
286
4880
1911
866
3605
2862
1447
4972
3933
4980
3338
2601
2919
4165
431
2489
4597
184
2335
2867
4583
1794
858
1263
832
4854
4902
1501
2596
284
3733
4953
1516
2442
2080
1212
4753
4877
1717
3150
3620
631
1467
782
4010
2145
2892
3144
3557
4160
3967
2994
3347
3847
3710
2127
2347
1840
1025
4690
575
2991
762
106
4816
489
790
3015
4915
4946
2263
1661
474
4438
4714
240
567
340
3540
4179
598
4585
3390
2060
170
1342
73
3004
2891
4326
321
1051
1122
850
2132
3720
4314
1126
1651
1793
1776
3085
3490
3958
2461
4966
1403
1577
4731
980
4221
128
3761
4347
2450
2248
3942
4143
4631
1910
891
3271
2039
1223
1129
3749
3159
1504
3502
1050
1139
2882
4686
1964
608
1858
3381
3708
1473
587
1358
4080
2520
2531
3945
2647
4246
2328
1787
2547
3804
435
4199
3408
2291
3352
706
1471
2275
2472
4469
4360
3379
4108
4336
2181
2144
3478
4527
1288
226
651
1081
1883
4467
1814
1930
3053
1469
3032
1645
4817
833
2535
4378
3903
821
740
490
4613
2541
3423
3634
1974
1896
86
889
3441
4110
3772
2299
2296
3571
1276
328
426
1353
3908
2656
1335
3267
357
2860
3952
151
4840
261
4084
1327
2133
2861
4468
4491
701
455
2844
1197
1101
1384
4127
4213
4997
3851
1144
1388
3815
1665
3130
3196
653
2048
514
1694
4282
2676
1983
3694
4289
1599
371
4140
2120
4416
458
3288
4669
610
4599
804
1801
1015
2549
4952
1458
1871
1754
3157
2956
3855
522
1217
407
2177
2621
126
3131
1861
2714
3722
1132
342
4540
4538
3465
3186
561
3707
4534
1477
381
2579
942
3971
3729
591
1506
4529
3050
4339
1021
528
671
857
1551
2560
3775
2004
1732
1019
3355
4473
4146
4303
4045
1386
3146
4008
4455
757
4670
2645
1104
2401
1169
4796
3471
124
1186
2546
4699
1904
76
4482
1424
4136
3622
963
1073
4232
1939
1306
3660
3216
2675
3210
1127
2976
3626
798
2952
4457
4845
4648
3479
1426
3506
3674
2463
847
4245
1233
3209
1500
589
1325
3238
4732
1638
1613
4018
4218
4452
3767
923
4663
1929
4424
2807
4019
2166
79
2551
1544
3905
1372
4434
1112
4072
3940
3118
469
2871
2512
1138
4260
479
2103
1323
3199
3045
1116
899
4310
198
1780
2423
4539
1177
3285
3092
2696
2114
2428
2690
1764
166
1043
2345
1697
878
4163
3452
4559
2371
22
1037
3567
3794
4874
2128
3133
1573
2330
1779
1914
2559
1290
4812
3882
672
1635
1434
206
488
1827
602
2989
17
3286
4275
4918
3647
3063
4617
444
146
4091
2477
2717
2134
4128
1530
4404
2567
2105
2026
981
436
3422
2766
1400
4576
1298
1018
2767
1528
560
815
2781
4553
1698
4603
4978
2393
2526
2987
4358
4202
4594
1593
814
3891
3896
1541
2384
3261
4107
2311
185
4368
4551
4832
2470
920
2244
2850
926
3275
158
2763
360
943
454
1401
2251
4912
3523
2056
2935
3854
2259
3994
532
4668
1314
4932
3755
3731
1626
4051
4956
319
3860
2397
988
1436
3766
529
4458
1396
4568
132
997
1206
3705
50
4757
1523
3594
1136
2709
181
2744
4873
3301
1579
4794
255
4692
2768
778
140
1586
1486
1172
2791
1261
2591
3826
1357
3450
4147
4830
1070
2678
2265
3661
3115
278
4831
1609
2061
4301
1616
2203
2904
1316
1013
2295
1062
4872
1339
500
3948
2082
3386
1867
1438
145
998
2374
1812
3224
197
959
3499
2415
1378
2122
2599
1673
3949
820
4781
2115
4848
1367
3236
171
962
1988
4330
4611
1300
972
2188
4623
689
392
4017
3621
2007
3790
332
2980
375
3867
874
4210
3083
1940
1191
121
3467
2913
4626
3741
2392
1324
4057
1387
3343
4388
2247
3033
726
4195
781
293
291
411
1192
1589
1017
1866
2584
2545
4169
2958
3923
2909
333
3677
2646
1065
44
4884
1963
2828
58
3752
3
4070
2931
1981
4440
4976
175
1069
4357
4762
4955
2496
3065
791
2464
1222
352
3044
1369
2396
1707
2827
2776
665
2333
1836
1777
2057
1114
2833
1848
3819
1364
4593
4679
4058
1890
985
2866
3986
1575
3156
3223
1570
3476
1254
1496
4374
1854
3692
606
4493
3151
1710
3132
2417
4707
4778
2154
1040
2090
314
2448
2715
2684
253
4657
1182
4727
831
1862
3580
4719
2673
4248
1600
4039
4820
1413
229
3656
3832
114
3112
4622
2380
2028
1287
108
4187
3458
2730
3394
2875
3147
4233
4445
1795
3463
3188
1283
1617
310
4661
816
743
2817
2250
3535
3533
769
2753
309
3956
609
1146
3583
2069
3624
1495
3748
2712
4168
4364
186
3433
947
827
2232
3294
3556
242
1510
2129
2012
3303
4520
2368
3768
3895
2890
865
4870
1660
313
3791
3324
1088
626
2951
4600
1133
823
2941
4436
2465
1773
1221
2689
2053
3298
3397
2633
495
4190
2747
1147
2933
473
747
362
605
1171
3231
4650
3555
544
1468
1761
4096
1842
922
2785
580
1393
1443
127
1514
1494
3272
2704
2936
1564
3430
3473
3526
877
4793
1094
2110
2506
1702
3426
1109
3221
919
2358
3792
174
1161
3026
2331
4312
1491
2724
1123
4485
1618
2389
989
1669
2787
4738
1380
2079
410
1509
3326
3079
2631
3173
4959
2432
2043
4889
938
379
3688
3153
1343
1627
273
396
470
3230
574
2650
2680
3745
2025
1399
3521
279
3598
964
161
289
3765
809
1622
4975
1054
503
1878
1450
793
387
2538
2942
1201
507
4411
1234
1594
1181
3451
3111
3086
1877
2156
616
3910
731
3218
3043
2574
2929
3531
1880
3034
570
2433
3010
3368
1150
3599
4397
4341
4512
811
1643
1574
669
3915
2897
1602
2213
4994
3632
2728
4875
2421
384
4910
4379
1770
1431
4510
40
3121
3993
1604
1829
4519
2841
1490
1028
2926
1248
329
2772
3299
1111
194
2975
2649
520
2245
3683
2761
4020
265
1128
550
1382
4695
3959
1390
1297
57
2430
3143
3673
1185
4257
3987
1060
3522
3435
4064
3295
3762
830
2379
953
4635
3773
4431
4412
2605
2467
3785
4682
341
3534
4427
1257
2343
569
1847
1219
283
1489
2342
97
4220
257
2627
3081
2399
3969
2881
3666
863
1945
1547
382
2318
212
1961
4549
1569
2491
2483
1296
2530
951
4780
4565
3319
1900
4977
4823
710
2458
1492
3576
1953
3474
1658
4259
708
2348
2142
4984
3311
3208
1869
3284
4032
2286
4708
786
3358
3625
395
4222
535
3403
250
3421
3406
480
85
543
2447
2821
3664
3746
4847
3226
4928
3872
465
3314
3266
2041
2031
2369
2920
2910
4697
3116
1863
2666
4092
2341
4602
799
3679
248
4285
4569
3168
4344
4544
4103
2287
901
252
3149
4355
1701
3325
1429
756
3795
3046
1746
1788
4215
2261
4651
668
4309
2839
176
104
3629
4871
935
967
2015
1915
1629
4046
2544
682
3429
955
4710
876
2783
584
3569
4118
3561
2034
3691
3263
3250
3644
1270
2394
4995
25
422
4730
1239
2124
4106
1176
3257
4132
2901
4372
3387
2216
3684
2024
4564
4097
119
1872
3944
367
2981
4678
1548
3447
563
4249
3678
3419
664
2184
2677
1423
614
4525
421
2462
2104
910
9
1410
3764
2663
1240
2611
4068
1850
2378
1686
4948
2027
3002
3232
1249
4821
247
285
276
4925
548
399
1092
944
365
2045
2018
2542
4865
2883
1194
1462
776
4102
636
4177
1949
2508
4154
3824
2710
3183
652
78
3011
1213
760
1606
4274
853
4893
4733
1077
4674
1855
380
4666
946
3892
4811
4028
3637
1083
3278
269
4423
4596
1174
3738
647
1049
999
893
1901
3961
1860
4081
4709
4592
3704
3055
4444
2667
3606
4673
583
315
2236
3763
1683
658
2948
908
3799
4790
3639
4042
1166
3259
4838
1360
564
513
449
2977
4151
3659
93
4448
1559
921
4175
2280
1928
2249
4571
3054
3822
4813
1811
2178
4186
2020
915
3190
1899
3843
537
68
2344
4624
4782
3310
3296
2355
3803
491
3548
2419
1580
1068
2086
4659
599
1243
3273
595
406
1011
2789
1090
2624
638
683
4004
1106
2038
4363
4760
2797
3480
1711
2982
927
3524
2271
2303
2784
3596
4713
1789
4172
438
2566
4664
3289
228
2832
3308
1310
2279
101
4725
1437
3936
4589
1045
565
33
2565
370
1466
1397
4919
3558
3735
735
4739
2638
1480
4191
629
4954
2382
4206
2553
217
4751
457
4481
2037
3138
1459
545
3164
4283
4322
4399
628
2524
2165
3023
4587
1742
4335
2671
4642
3104
3089
779
4409
2126
3756
4499
1545
32
1885
4361
4258
2091
1691
4637
2454
2945
623
3965
4022
1394
3685
2013
3687
450
3541
425
3069
4711
3737
1479
2252
2707
3546
657
1264
4277
2779
3333
3056
3492
2751
3243
4761
2387
698
1873
3220
1152
2895
2507
993
4825
4242
3542
346
3982
1688
3789
4833
4788
1072
2786
2568
4295
2471
4074
3921
3486
4449
4860
4279
4198
3951
1498
836
3829
4268
2052
1677
1757
4672
3462
3823
4844
302
496
4737
3630
1611
1529
3590
2151
4054
3808
2386
1720
4121
1508
1825
2888
4556
3840
1790
4109
251
3584
4851
676
3553
239
4861
3976
1614
4011
2197
4340
2713
3484
2548
2411
4764
3886
1425
3101
675
1461
4772
3252
3090
3460
3586
3141
4170
1753
1218
2970
648
2191
2456
1607
1680
3331
305
1960
3500
1832
464
3978
3516
48
3833
966
94
4632
637
1582
2067
1997
4185
2629
1007
4945
1657
4278
1525
3848
2338
4066
2008
2594
2068
1142
3957
2651
3932
3409
3870
604
1597
4911
4428
3454
2076
267
4746
1741
4463
3595
320
1763
960
4209
733
2824
4777
120
4021
2215
4769
1330
2773
703
1442
895
630
4747
771
3176
2642
4532
3117
3721
1846
1371
2582
872
4961
4494
373
4879
2644
3330
1998
1875
4153
38
1236
1713
3686
2207
1771
2993
4965
3242
530
3246
2431
594
3603
4162
3975
4111
868
456
845
3651
1020
2123
1608
2220
3174
2517
780
4500
4156
3007
4702
3991
2268
1834
1003
4243
1924
4667
2628
3498
3254
3836
2718
4784
2198
2834
359
2278
1936
463
3669
1540
4586
368
1322
2032
1237
3239
3127
4691
4895
796
3862
1905
1903
2460
3493
4067
3371
2055
625
1274
74
173
3853
2685
2556
4913
2660
3348
1630
4964
1173
4629
4804
4547
2805
572
1666
3158
3128
318
4920
2439
949
4579
1828
1113
4229
1555
4671
4735
3873
1337
1226
2424
1285
982
4098
4694
3875
1692
2719
345
2932
1157
892
2925
4647
913
3061
3806
1220
4396
2434
1406
4506
3496
1039
1463
2267
1585
1440
2147
2093
3750
2356
2525
1095
924
3082
4562
4425
3946
1377
219
3510
3145
323
2878
4891
4801
4038
446
3027
1404
1957
3636
4791
316
355
1203
2632
4555
593
4888
1738
2205
4273
3449
765
130
3751
3874
2492
1262
3943
4533
1225
2488
4116
1381
1099
2879
693
3796
2315
1947
3980
492
2885
2359
2050
3914
4921
4979
3206
4181
2427
4883
3414
4281
1740
4272
2595
1972
2293
3717
620
4508
2999
3812
1534
4216
3280
1596
3920
213
4349
3504
4863
1633
3062
3866
1639
4606
2400
802
1918
1982
2854
4001
2750
4053
2799
2562
4876
4036
2527
4415
3213
4998
1632
1454
1474
1772
4937
1663
3849
527
7
2947
397
2912
2237
2616
3469
2539
903
2979
1716
4936
63
3924
4584
2682
3758
1533
3927
1485
434
2300
3981
3318
3771
4724
4843
4237
1845
4041
1552
3917
1363
3323
2984
4486
2597
2305
553
3512
3884
139
337
3559
1433
2619
4040
3811
1775
1331
2877
887
2617
515
1167
1259
3972
2234
3114
512
4167
2180
2168
4700
4262
4113
2583
2762
650
2304
3837
4858
292
4035
1999
1978
3974
1143
4836
4514
3126
2288
4723
1670
4627
4675
258
4507
4050
243
904
2523
1512
3059
2659
388
4393
4338
4716
4605
245
3193
41
2436
1581
3072
10
4087
3477
1187
1189
1303
1950
236
3265
227
2708
3142
4581
468
2212
2035
4810
486
1628
1078
4014
2324
274
3728
3152
1805
4654
2955
2063
100
803
3525
4625
661
1537
3814
162
2469
3527
1722
996
4386
526
4267
1554
2923
91
2302
1107
1743
2270
3427
3283
3549
56
4373
3658
909
2959
2669
1084
627
189
4591
277
266
2859
3648
4346
3992
1145
1760
3508
14
3292
622
720
2907
1271
3297
2741
4060
4437
467
3662
1180
3167
4607
1414
1299
686
1057
761
4298
1346
3929
1373
983
4366
3413
1962
4826
3998
361
3466
157
655
3446
4545
4184
2778
4497
562
4069
687
1260
327
4115
3554
4986
3370
445
4031
2518
122
4744
2097
2843
2934
2023
3047
4610
4736
3754
2083
914
4002
2592
2809
3682
4400
2429
3657
4307
3665
3859
2654
3192
4748
3306
3487
3219
494
2851
3725
3608
1137
190
970
2085
2504
1532
2732
2092
1704
2653
2414
3934
3653
4906
1538
1293
1522
1668
1730
1256
3821
1209
2135
2939
2413
4049
2314
2325
2505
4641
462
566
3699
4082
2609
3060
4917
202
3207
336
1727
2723
374
1117
3228
4065
3776
3841
3723
3194
3955
4619
4969
2219
763
2404
2319
819
1700
112
4235
3671
2988
183
4779
4689
4192
4905
2555
4518
940
2269
3361
55
6
109
3317
939
2354
2662
21
2310
3453
4211
4933
3017
4193
4717
3211
3268
69
3560
1427
2383
2290
2581
3551
1156
592
404
4598
1728
1948
2972
2521
3274
2815
4763
546
1583
707
466
3098
3074
3178
2022
660
699
906
1731
794
2391
1395
2046
4430
2740
215
898
428
4078
618
896
692
1769
1578
4987
2223
1519
2743
331
307
3305
1006
1292
1313
984
459
724
401
1179
2957
3876
667
4419
2698
4786
4139
4291
1087
2585
1975
2706
4471
649
728
1986
3037
1041
221
2308
405
4362
477
3091
3709
4942
894
3842
338
1379
2242
4866
718
3001
3912
3170
137
1917
918
4286
568
4616
1824
617
3013
709
1690
3614
4422
577
2626
3930
2441
1341
2289
2748
4450
2967
2466
3856
118
138
4792
1591
1232
149
1737
3233
3820
3654
4492
1405
3464
4898
2306
1640
4892
2625
3538
3592
339
4572
3985
3701
4085
2189
3613
1786
3155
4808
1258
2200
2239
3857
1351
1202
42
855
4943
1693
775
1703
4385
2416
1286
4561
2117
3329
1267
1623
297
634
1684
3926
1052
864
2139
3916
4904
3839
2793
1816
994
3005
3798
4305
1932
4402
2157
1603
1320
840
4320
4472
2009
2192
754
4536
3093
2820
3716
4968
881
2899
1105
4660
1980
4839
484
2214
179
3088
4204
751
2968
4907
98
3201
2150
3901
2179
4885
3953
2917
1916
4133
2042
1765
4827
2855
2858
2916
2943
4337
3564
2001
1807
2557
3570
869
232
4462
1273
1637
837
2332
3070
3076
715
945
3783
2664
2225
43
1881
482
2398
4850
3643
4566
237
4996
1280
65
3110
2749
4407
4935
4048
409
4090
2141
1576
2829
2966
3911
4079
1636
1195
1992
1352
4837
2514
3448
472
4464
4896
501
4718
3277
615
2451
973
3276
3878
2873
2309
1055
1415
1884
3113
2484
1067
2351
2703
224
4196
4159
1839
2996
1601
3442
223
2363
294
4656
3566
4608
2826
1535
27
2835
1667
3996
4720
343
4722
678
2578
1061
4129
2196
3392
2272
259
4578
290
2569
3925
1282
2702
3030
2814
81
4677
115
4983
2576
1071
1279
2099
4829
13
4351
3405
621
4488
99
3628
2153
3545
2731
3645
2011
2474
4734
2811
2010
159
2420
418
1329
4755
2016
182
23
4916
4550
1211
3947
4009
3461
673
3515
2264
2226
3120
856
1656
394
1802
3244
516
1255
1897
1934
3428
3354
702
4356
1076
3160
2777
2172
102
4421
826
1659
4420
4403
2604
2716
597
398
1134
326
1110
3810
2217
1472
1653
4234
2364
1385
2739
581
2081
3293
2831
1993
4323
1058
4446
4410
2755
1151
3436
2493
805
4926
4352
2634
714
105
400
2137
178
378
1590
3675
4688
4993
1784
1198
843
1008
2738
4405
3700
2336
2880
187
317
2014
2816
3563
839
3341
1800
1909
2868
4353
2349
2869
1946
995
2516
254
2367
2818
1705
3740
885
3312
4887
2119
3372
4853
1724
3215
3615
1361
193
4317
4240
4062
2602
4114
888
262
2693
2485
4217
2459
1131
3960
3100
1996
1009
4095
53
3444
4901
2327
525
3536
1913
3068
1926
518
4502
1503
4208
3327
2973
1624
4835
3262
549
4765
717
4454
1679
1513
2452
4238
2113
1053
773
4771
4554
4878
117
1347
144
4618
3006
1321
3080
3627
4750
4634
4501
2903
1505
4867
929
4413
3889
2125
2070
828
2204
2131
1767
3378
4958
1125
2729
2033
1621
2757
2329
4318
4214
303
974
2798
2529
1080
559
639
2297
3543
2742
163
4311
2425
1721
4125
4052
1524
3000
4806
641
2087
3530
1319
1766
4787
4376
2758
2372
3222
4652
1120
4325
3935
3611
216
3712
4758
116
1971
2058
3597
3977
3897
4524
517
4774
1165
414
4024
978
4900
659
437
2072
519
3300
4112
3364
1170
4490
372
1227
1199
2376
356
1452
3038
3122
882
4992
3532
2806
2937
4841
275
2282
1856
2515
2478
2769
2118
4254
3373
1938
2136
2845
1056
1121
2283
3071
296
4296
3125
2238
3787
3024
24
2352
3481
3983
3195
4498
3431
1976
3468
1027
880
2256
1188
3838
172
1815
1103
3087
2075
3970
1196
712
3529
3042
150
3713
911
129
1539
2643
231
4265
2476
1311
2519
1675
2874
1984
3893
2377
534
4288
2405
3507
3702
201
4418
2765
1642
3425
2321
2353
3096
1615
3136
1312
556
841
1736
1154
968
975
2612
4284
2266
1476
1768
1699
4006
4287
4483
557
4152
1518
440
1719
344
2856
3968
4033
4297
1034
4842
3049
483
2964
4560
1762
3375
1420
2206
4855
506
3777
1966
2495
3913
4706
852
1333
4134
797
2587
4012
46
4466
2274
2652
4207
59
2253
4577
585
3988
2108
476
2564
3640
806
1100
1991
1892
3937
1681
928
2641
2182
1149
156
3016
1119
4056
3906
270
207
4375
640
5000
2313
1792
3964
4138
1349
3802
1315
4639
844
1446
2636
3389
2412
4824
4881
1002
2481
4636
2927
4698
582
2589
1269
1527
4205
4197
3025
4546
1652
1155
1334
917
1649
1032
2040
35
4244
386
4927
3396
1216
2894
1818
2482
612
3900
2365
1937
4365
2101
540
875
3119
950
1030
2954
1483
4226
690
2084
2403
1470
334
531
1625
4
1010
2501
195
3353
45
263
3432
552
461
4505
2593
1284
4429
1749
3163
4655
3825
3019
2112
1033
2209
2699
88
4241
835
611
2243
1729
4681
1340
4370
4805
705
2498
1309
1460
759
2307
2985
4741
4142
1497
4795
4180
818
2908
2610
4923
1781
442
3057
4646
3604
1648
478
590
4086
3360
408
28
4117
1598
3931
358
1973
936
1695
4083
498
383
448
3106
3349
3689
2388
504
1655
1865
1803
1995
2361
4754
4703
1723
977
3109
4212
2640
3690
2323
4435
2167
925
4800
3028
1355
1251
4487
2563
1302
4729
1118
377
211
654
1391
4962
3383
691
3544
4759
1005
4496
607
4929
1047
2819
3393
3734
1281
3574
2218
1567
1664
4299
1739
2800
2228
203
47
3018
1098
2775
2849
2756
1229
3938
954
1023
722
1430
3031
3582
4640
2658
4595
4256
4745
2486
766
2700
721
1456
2175
2780
3547
2759
4552
3830
1004
2111
4862
90
3313
2054
1685
704
624
2130
51
3256
1359
3537
8
730
3385
152
1266
4013
169
1135
2334
3780
3782
547
4614
3552
971
439
4451
4580
3520
1445
168
3225
390
1231
4123
3424
3742
1252
2233
1451
2960
744
4573
1318
713
1783
2284
4985
1408
4253
3869
1799
4003
402
737
4166
4389
4947
2543
2848
1689
1184
15
992
2019
4721
4783
2455
2905
2570
808
1096
2155
848
312
3307
499
4543
3346
3412
1432
4161
4432
2173
389
30
1268
3642
551
4989
369
4270
2533
306
3020
2185
4766
4465
785
2262
3402
2095
3066
774
3260
2161
4767
3040
1507
4005
739
4119
3139
2350
3635
3696
3610
2896
2240
4653
2445
2276
1706
4957
3652
1831
2590
674
4712
1063
1944
987
3227
3165
745
1038
335
508
2872
4093
2437
2036
3328
260
3359
3003
783
225
1989
4696
3197
1272
965
308
3997
1833
1307
3035
311
1572
18
4504
4604
2725
4382
2409
3382
3528
521
1159
4189
1798
3939
2479
1481
679
62
2066
3058
1362
770
1819
4343
2260
4266
2997
2963
1714
4967
3488
4991
3039
2044
3919
4704
4263
191
4348
281
1064
4558
3774
1874
4630
2064
2089
3786
1726
2000
2337
1927
2974
4329
3646
3084
2900
1086
2536
4176
2588
1412
3865
817
603
1558
300
3753
3577
800
1238
1952
1553
3103
2701
1368
3509
3831
1482
4886
4633
2435
2362
4088
1102
2978
792
1870
4590
3747
2792
694
4770
941
4944
1568
758
1278
4908
4939
1612
1389
2607
3048
452
1797
2497
154
3384
1644
2961
2003
3417
20
533
3759
3871
1774
3214
681
4768
3009
1365
4026
3129
755
2199
4077
2281
280
2174
4951
4676
4799
2803
1752
2962
2149
2577
1588
4461
1046
4130
1809
2687
933
1517
208
3036
235
110
4037
3247
2340
1634
1289
2950
3491
2071
3539
3345
3736
4542
2164
1392
862
4612
2838
1048
4306
347
2316
123
241
2615
4938
3879
1526
807
2187
2672
4055
160
2614
1857
873
2810
734
4460
2770
1610
4371
542
2697
2754
4798
2648
4071
2201
415
3304
2098
4665
3253
4334
1350
867
1970
2502
125
1941
180
1455
1035
1487
2853
1826
3591
31
4973
222
3962
3388
3337
453
2258
2938
1990
2745
976
1895
3041
2914
2681
416
141
1806
4684
905
1493
424
1631
3344
3366
1956
2406
555
3064
419
2930
902
4224
1012
3850
2051
3990
4203
2613
3212
4575
1674
644
3585
1646
2711
3489
72
1190
4557
443
3730
3415
2468
4230
3108
801
111
2840
4016
3494
4756
1511
3770
3248
272
750
2727
907
1207
883
188
4705
4588
2221
3698
249
3457
3367
822
2674
3844
4145
2823
1882
2106
348
646
298
3641
2273
2140
1556
3514
2457
2360
1301
199
2408
523
3718
3161
37
3445
70
2686
2705
3650
509
5
3401
385
4570
4331
2230
364
4649
1725
3902
487
3724
3922
1810
2771
1484
3989
1168
3503
2764
3073
3834
4621
3148
2623
3898
19
4073
4030
3714
1654
299
11
3135