1221
5353
6363
9124
7577
8768
1394
1140
390
4627
9503
704
7412
8025
3183
8865
1967
2148
8052
8776
3080
8679
4260
8326
8888
2280
4813
5093
28
8549
2828
8558
1982
5054
5597
5759
1995
3834
6063
5328
2669
1325
7953
9474
2537
9464
5381
1894
3976
9063
8684
9812
2864
1483
5836
6064
1338
374
5775
459
9361
8844
3132
1672
8021
1767
6924
6103
9390
2281
8740
9185
5980
6231
6848
1264
7568
3596
1231
9900
8271
6725
9690
970
6129
6476
8380
4489
839
1534
3794
3797
4264
5640
440
9610
2572
9832
1236
7932
3370
772
7379
1614
6726
8010
2605
8655
8102
5575
6172
7074
1844
3226
9966
3906
1182
273
994
5935
6415
9517
8212
7796
5016
6225
7003
1520
6193
1374
4193
1227
4136
6906
765
6407
5246
7595
144
4838
7696
5326
4618
4707
6070
4429
4224
2277
6702
3355
9184
7086
6288
4256
4821
4590
8406
3539
5356
2055
8410
2306
7973
4109
1218
5086
3392
3245
9074
1160
796
2017
1771
8701
4491
2606
7506
6540
7470
9549
1568
9767
7380
3404
8963
2670
6354
1866
3567
1537
4532
1571
9748
7414
4099
8019
7094
9873
6744
9363
4605
5269
4971
9326
8022
4592
8724
2325
3437
204
5352
3455
121
7781
6541
1062
5529
1558
7313
614
1622
4658
3683
8499
3036
6420
275
9374
4719
8696
2115
5346
4507
1013
308
1499
9160
6989
6422
8582
7232
2688
7122
4236
1981
7018
521
5628
9712
1978
5580
9358
3625
6796
159
6519
5387
2330
8907
5590
1723
9132
7167
7574
6208
4294
4464
4007
1164
1016
2367
7494
9214
2069
4974
8862
4352
7280
2972
5654
9414
238
2724
216
3487
3400
2817
5433
4978
1665
8915
2908
56
8038
9796
658
1045
3817
8590
9099
2477
4539
9632
3773
8225
9088
7114
6086
9924
6284
2992
4954
3623
8218
4467
4991
3379
6414
7026
283
4327
3822
1789
1921
6022
4766
3540
5877
1214
1142
9372
6868
1940
1760
7071
1731
5251
2960
1825
3922
631
7178
7522
524
6207
2722
2332
8759
9740
9316
3121
1708
3223
4261
831
451
1186
9935
1288
588
9458
2399
2747
7027
5567
6649
8836
4026
393
299
6795
9614
9454
2718
2265
7132
1928
1947
8477
9969
2107
458
7664
4779
6622
8543
3440
5105
9530
2639
5919
7793
8745
2727
5038
5735
3852
2387
9802
2568
4904
7186
6747
2965
5013
8222
6113
2062
9286
4185
951
9953
4884
2124
4553
3942
8060
8190
2822
7443
9116
1609
9579
4153
8672
3575
9674
1136
3307
6915
5285
7061
1198
4208
2371
9120
1927
5118
1685
5192
8419
9032
4734
141
4309
9459
4611
3912
7200
1975
7141
3835
5183
4034
7529
7571
7036
4584
3672
2674
4830
6889
1317
9045
6191
6537
6574
1915
3643
8478
4386
8213
4887
2725
691
3259
2145
5904
8389
7005
9996
7351
4970
3293
8631
291
4349
9050
8909
5618
1992
1592
1294
3656
8169
8205
2335
2440
1828
372
5302
3709
9560
9720
6229
6945
8200
8832
5789
2391
4924
7299
6396
1953
5076
6479
1583
4644
6656
4582
4347
6801
1689
773
258
6573
2063
5677
1897
9275
1651
6834
3993
4875
2948
7497
2377
1167
4220
967
1580
7951
3491
3352
6009
9992
9278
447
5391
5943
2997
6116
2247
6628
8108
2874
8443
6932
7540
6032
3793
7910
4499
3231
9228
7943
736
8178
1309
6652
2266
6012
9331
3291
7947
7457
6694
7315
4720
8894
8413
7424
8016
973
5321
9067
4057
6398
3785
5812
4418
5218
5723
3796
3729
6692
3958
5587
9529
7350
8125
2649
5398
2712
5777
4575
5617
7069
9977
8531
2675
3766
7912
1378
1776
4396
7761
7020
8516
9695
8479
4935
8695
7219
2648
9648
3213
4124
2740
1469
397
8548
632
6721
4789
6118
7981
9845
1489
3470
6412
2397
7492
3534
9922
8298
8866
7740
1091
3320
3880
8993
984
6346
1229
8933
886
2066
2275
8409
2439
3436
621
3163
9697
8183
615
8262
2203
9073
6426
1517
7831
119
2807
4002
9585
2485
7762
3348
9947
7099
5315
9879
4016
7647
8931
4922
664
7728
1566
1773
6681
8802
3043
1694
2037
8703
1961
8610
7024
3898
6198
7201
3207
2117
1184
5956
3875
1209
2244
507
9828
4827
3982
9149
7673
1044
770
9602
8800
5652
3460
5227
2749
7283
1376
6920
2930
4876
3775
2187
8152
2851
4112
7742
9760
9446
6629
941
7010
1015
7308
69
4414
3173
3511
6075
9716
7147
4289
813
3608
6691
7788
2533
802
6752
6934
5566
4461
9268
750
9086
6080
5209
3154
558
1063
5718
2031
2777
4958
1532
936
9830
921
4340
9064
2801
7062
2781
534
1341
9668
2875
8123
9675
5886
7226
522
7687
609
3368
3573
7125
2392
5526
1447
4462
3737
5853
909
9475
2503
784
2159
1197
5100
3640
233
4399
2423
8140
9426
1991
7524
300
1681
9420
6716
2284
6241
2880
6758
9988
3892
1914
9178
7707
3467
444
2737
5133
7517
3923
5544
7464
9211
5951
448
722
7753
6305
5825
6283
490
3631
6841
3731
6319
7364
4440
9757
4645
2910
9933
9707
5043
7620
1683
6529
8962
3424
8763
9985
8207
6811
5081
35
6399
2348
5205
341
7131
9739
2282
6830
7666
8241
2309
1406
3531
2304
6647
9883
5592
4512
8399
2939
9744
692
6179
3970
8093
5944
3240
127
587
9231
6423
4039
5099
1247
4950
3434
6441
9565
2482
978
9534
499
8407
7731
3915
4092
7610
4722
1426
2799
4135
247
8032
9093
2690
4554
8065
9427
6473
9914
3479
1414
8011
8780
3660
4143
5641
7052
6447
8636
2180
2784
4685
484
633
1572
5581
3946
2886
5354
6739
2486
4322
3055
8024
2733
3876
6745
4434
3047
1885
6468
2630
2746
1846
9441
9307
1115
1826
8956
605
2029
5874
9631
726
8417
2004
378
2091
3805
1430
9617
1359
4847
4767
4363
787
4378
5796
6377
6256
7841
2806
5595
3743
5947
2123
3421
2024
858
4402
8942
6954
6051
3209
6265
5857
1139
7310
189
6482
5426
4350
3203
6141
9163
4398
1276
1543
7520
6147
5122
8587
1336
6445
2160
9255
4072
1631
9777
5418
4330
8217
4410
8133
4117
6466
2319
9575
3746
6972
1728
6001
5716
4574
2935
6311
1074
227
7807
5337
4275
5276
1323
6247
955
104
4659
7632
9343
3745
2955
4005
5274
8315
8336
9732
940
5803
5615
3179
3711
4100
7469
5305
3477
4146
7253
6588
5502
5407
9726
3778
7794
6375
5774
8916
106
2337
4778
5301
2245
8698
4207
3178
4544
4995
6950
5897
4603
9557
7007
2342
7164
6295
4362
115
2113
9439
9918
2018
6542
2473
8369
1467
842
4161
7991
888
6761
281
1070
4678
9960
4251
8688
6532
1462
4240
8480
4866
5259
9004
2536
8606
1788
7614
7650
4775
1962
149
7503
4963
9537
5257
3649
7107
2768
3309
8462
8491
7180
5083
634
5020
1751
6979
5428
134
130
5746
1941
9591
7295
5584
9011
9033
6434
6487
3918
1648
4501
3490
760
7413
6499
2636
1628
5503
1955
4689
4120
9460
2138
2512
7730
2212
2931
6418
6779
4902
4856
5893
4487
6668
3443
5971
8580
4916
3991
4718
4748
9718
6665
7678
7057
3225
3425
2012
9202
577
3763
7565
2030
5586
3654
4896
5994
6371
9338
6664
845
4031
5202
3547
9963
1956
5177
4717
6511
9528
2903
9297
5238
3682
2207
7090
2472
8939
4469
1490
3364
859
1633
5878
1201
2264
5717
9310
755
364
4035
5095
5754
4816
3960
5116
6272
7077
8617
4811
5277
538
2645
7779
4428
9376
4494
9644
2918
1305
1852
3108
7277
926
8914
9301
4304
9669
8527
6494
2848
4988
9533
331
9212
8895
3537
7264
7309
6156
8494
9859
9916
8867
836
4071
7829
3881
6245
7586
1101
4052
6661
4102
4550
5963
9377
1111
1151
6278
9173
1350
292
5604
8719
71
3059
3462
9330
7878
5035
6614
1118
3764
778
8304
9016
5585
5700
5512
3323
9040
4547
5476
1114
735
9152
1859
9342
5945
6852
9007
2640
4336
8595
1623
7909
9567
3111
8295
6625
2986
9142
9324
1611
6930
6599
5002
8992
3585
6897
6365
2162
6732
1410
8925
5985
2526
8489
5728
6953
2441
6202
3389
4732
2354
1100
9746
3600
791
4040
4606
9251
3019
9785
1620
9659
2682
8657
7607
5006
4395
5223
5582
6699
8057
7868
207
3050
5627
5026
8338
4084
1521
2829
6594
510
4953
8946
4612
7693
6325
6808
8368
8154
7483
9623
3079
2535
3934
9896
8084
9346
5090
9350
5606
1386
2888
9227
5231
8748
2237
5073
6087
9352
7248
9790
9171
4481
9751
5158
4947
3386
4886
4142
7956
4683
3530
9941
6217
7521
6235
6883
9978
5355
9483
8007
5478
5822
4020
8826
867
1617
9823
6453
1409
9942
6112
4787
32
4129
1702
5734
198
7070
9336
3981
9787
7955
8051
2431
3298
2368
9417
5576
6918
3480
1772
7258
2070
9613
9635
9717
1449
5684
7860
6988
2654
2287
5830
8983
2321
5571
3878
9552
335
187
9588
2351
1518
8431
2660
2427
1501
7624
7363
4711
101
371
4891
2872
6254
3088
9532
9360
7171
2285
9525
5482
2144
6899
1370
7996
4921
8642
66
4202
7432
2932
7600
1066
4906
1487
5376
7184
2956
7569
6061
1233
6621
5686
8989
5645
9486
9594
3129
1635
1451
3680
7760
5525
1567
857
7986
2164
2924
8080
6282
3840
1119
9337
7117
7391
4460
3902
4591
8327
3241
7897
150
9865
2789
1847
3951
8618
2065
4723
4623
9512
7085
5913
9438
2779
4746
1950
2691
2241
4910
2936
1911
8792
1077
4338
7811
1986
6585
1735
8823
8770
2855
3067
3375
3527
5317
4930
6424
200
4180
2791
7275
3791
4961
9619
4520
9195
4281
4343
3407
1734
3381
2548
8638
6901
3027
4869
8354
9703
5299
7785
5335
9476
640
4679
3431
2347
4379
2453
2841
517
3751
4861
7814
1092
702
3615
6142
7416
250
1089
8446
4769
7578
9355
8162
8559
9574
8173
7598
9747
8358
8020
4298
7662
3607
574
7718
6404
7825
9242
472
6756
6372
7400
1548
7172
7853
5111
4619
9113
2545
9547
6299
1166
9110
4784
4408
6180
4212
369
8447
6910
405
4317
6730
4635
6610
2824
6289
5834
3562
3995
9239
2286
4033
1265
3734
6163
6998
7427
1006
2752
1902
7945
5837
7155
1121
6052
1988
1989
2425
9601
4729
2228
2361
757
2341
5361
297
7979
4255
794
9288
5316
8240
117
3838
7187
3523
8743
9714
7914
7409
7999
2156
4911
625
4218
1840
9604
7098
939
9909
3921
9387
3853
1584
766
7488
5079
7737
5805
4944
4704
4515
5252
2865
6484
8059
5441
8901
5768
6329
2041
3839
9915
1919
642
2511
6636
697
1602
1065
306
5256
5409
9166
7270
6980
3458
5766
8289
698
4364
2471
9871
8577
6374
3549
7341
6151
1381
7078
1802
9710
2289
7230
8509
9351
1733
7297
5419
7263
9246
4845
9761
5159
5593
2077
1355
2560
767
5869
19
7885
7448
6471
1916
9699
485
8130
1273
1270
5918
9327
5344
8137
5404
4331
3587
8739
7476
185
1200
1819
2838
1021
5071
555
8965
3962
1320
2221
58
676
5678
7208
7827
1678
4246
1343
8958
6493
849
3408
479
2455
2497
8828
7041
4985
4452
6958
5828
3843
2172
7039
9899
2013
9940
6376
6239
8556
6381
6912
7726
3893
7801
8398
5009
539
7535
9908
6813
9938
1721
4828
9797
3363
6071
6917
4968
6303
4804
248
3102
6562
4782
2857
3318
9801
4358
4265
3346
8437
99
2151
3312
9569
242
4158
2239
7369
9849
4777
239
3270
5152
3035
4372
5769
169
5345
8757
2169
7626
8122
4004
1843
124
112
6304
6306
433
9187
5624
8681
3486
4731
5497
2102
7130
4055
4712
8755
2894
8120
1395
3524
9840
4975
740
9318
7170
343
3735
2523
2561
716
5010
2023
6084
4599
9170
579
8741
8124
937
9139
6644
4342
8077
4090
3713
4700
2380
4569
2435
8091
9467
1787
7426
6481
2933
6338
875
2404
237
6976
964
2701
2372
9147
3622
5632
9071
7256
4079
8350
6102
9349
3360
872
2175
5855
1494
9175
2158
7752
6578
5681
2787
7366
6598
2797
218
8893
2853
4148
3371
1252
5195
1750
5464
1383
2695
6520
7116
8868
5782
7175
6696
1549
2205
943
9742
1732
949
904
5023
5109
7395
5887
7479
7679
4815
1888
9455
3428
2858
7245
8808
5969
9031
9157
6935
3166
3592
6149
1893
5564
428
3264
8632
2771
6788
2697
2895
2254
7898
438
975
6831
6459
8648
1293
6778
260
3411
4308
2184
383
1514
9362
7922
1246
4325
6153
211
2466
6577
1237
6446
8097
3131
3510
1637
3830
2624
883
277
6008
8654
3359
2259
4137
2053
2152
6740
330
3450
6419
3118
4419
1073
4773
989
8261
927
5233
6775
8735
1194
6965
5787
8635
1128
8293
9937
4670
4730
8171
1582
4639
7942
2105
1671
654
1398
3078
4946
6948
8081
1976
9027
7507
5752
244
5810
7851
8445
4735
3891
2782
8534
6810
3594
4216
7669
3497
1023
5224
9320
7401
4196
6914
5145
9927
9302
6859
98
5740
4145
7111
4943
7016
2774
9961
2116
7162
5375
2646
1132
1084
6373
6675
1429
2395
5114
4909
537
9566
6495
3193
1870
9180
9867
5220
2179
8285
6921
288
3667
1686
2211
7599
9606
1569
1259
2194
4470
6580
9466
4879
5879
2678
4626
9403
412
9035
2987
5937
7300
6378
2240
6077
6884
337
6568
2336
1008
9167
8609
9834
1515
1080
6117
7809
3176
2970
2085
2611
667
5565
2977
7573
9888
6474
3502
5793
6650
7674
8061
1479
9640
677
9951
8031
7638
9030
9878
5876
3029
418
6814
7152
9890
6169
9469
4271
2748
4021
6492
768
7648
225
3979
4534
5487
2552
8306
8799
3247
830
742
4498
1581
1295
8649
4397
2644
9208
2366
9129
6860
5134
9405
2790
9968
2308
9853
2447
6751
8728
3032
6334
4415
5827
9311
2214
1851
6242
6620
2873
2189
2076
6238
5429
4597
8934
1432
856
8996
3744
5619
4594
2270
5254
282
783
4050
8658
7567
7576
7034
6662
7633
4640
5142
6497
761
1533
1924
1519
1876
3771
3395
4754
4808
7183
3128
461
6504
4321
2892
8242
6200
9402
5914
1344
6183
5162
9284
961
422
316
5171
5050
2714
8100
931
2967
5463
2056
6038
5338
2358
4245
5634
323
2891
2868
4027
2944
6145
4531
1165
749
2263
855
7552
5841
2191
6421
264
9780
3568
5846
8333
7272
4841
3044
222
7305
3419
5461
1656
1183
5563
2344
2919
7547
8600
2616
5695
2597
5075
8980
3133
9322
439
6029
7771
1315
5308
6787
9702
846
8544
8335
6228
4433
9965
5513
5671
1917
91
2452
9998
8290
6079
4793
799
4237
5206
1900
7652
110
3770
6862
6483
4315
4316
9230
3483
6460
6081
2571
4257
6015
443
4764
8529
2578
7113
6643
6119
3000
5030
4533
9015
6020
1093
8227
4716
6977
2753
6467
5831
4745
7705
1670
860
8330
7166
349
3826
7554
5742
2809
4140
713
6526
9339
1117
2719
2862
7891
6723
5760
1759
3007
1952
3811
4681
108
7636
7843
1768
1812
497
1488
5868
3637
5188
8817
3967
5848
9773
4019
6260
9133
9092
6856
7398
5393
4376
7133
8433
8624
8700
8811
8910
5373
3508
6613
9205
4272
2217
8284
9536
1027
9273
725
9544
7321
7924
8269
176
899
4587
6205
6002
660
6523
1088
751
8911
9509
8434
3992
5444
4936
6658
8825
4365
5199
6563
2303
8586
8312
590
5039
7112
3974
1698
3772
3802
9289
1180
7835
2131
3948
666
8778
2708
1129
1470
7741
3362
4691
4741
1564
6534
2953
9213
2937
2638
1162
3427
7715
3191
3216
213
8311
9428
690
986
2704
9399
3883
5042
8943
1783
236
3327
657
7518
7893
8951
5091
4656
4919
4792
552
9296
6807
5997
4665
3020
9570
5661
6929
1545
358
3120
816
162
2276
8797
9759
5175
1627
8651
3230
9046
9970
4878
6623
7772
2593
4204
5432
6545
4149
8365
6939
2147
6218
1811
5401
9641
8375
9329
613
9096
2487
8390
4262
5087
6132
8088
126
9975
9282
5064
6318
4562
4669
9084
6428
9848
1936
822
4842
6727
6872
3628
7440
9026
5322
1923
5552
5342
6710
8006
885
5297
3611
5854
60
4366
456
2909
1466
3541
1068
9221
7692
4164
5816
7006
6358
3068
8041
463
9097
6798
622
3358
7451
1573
8
6316
2814
8193
8846
1793
7711
4154
4733
3780
3445
7710
6792
2202
4650
125
3444
8803
747
2542
511
1563
5222
18
9708
8791
8114
5115
9592
7371
6576
3232
8015
4012
2922
5232
2524
1185
9042
7390
4516
8105
3210
6933
6167
5383
8002
7322
4276
8134
8442
6506
9461
4783
8376
1799
3294
7008
2626
1130
6463
88
5371
5979
1334
8383
6760
641
2925
9662
7317
7446
1399
3671
9877
1058
8300
7298
1351
5622
4864
5633
2796
7920
1108
2411
4882
2219
4901
2849
416
9158
1196
9600
3521
408
1144
6820
3060
496
9646
8274
92
6566
4382
1254
1054
3668
7993
5666
392
6941
732
808
8308
6461
4267
8487
4234
8322
4992
4169
8680
2812
5672
6072
9665
8589
4373
8533
4889
8111
9603
804
2251
1895
4649
3308
553
6882
1660
708
4075
3134
6150
3328
6140
2904
2106
9981
8981
7022
8629
3959
4422
3071
3153
3423
1696
8566
9678
1224
8513
7820
2501
774
3614
4341
1393
2119
1271
6013
1382
6275
8012
542
1033
1752
817
7928
3171
8340
1542
4064
1971
2174
7143
3414
9645
1004
9670
3081
4706
3474
1319
6582
1673
9854
9281
8777
7233
3955
6243
974
603
9197
8697
7908
5756
2087
5143
8420
8850
6671
8459
9931
5250
1691
4568
662
4132
4585
3334
4555
5668
1358
3532
4701
6544
9431
1856
5284
5298
5901
12
8561
4673
4473
3249
8944
3305
2430
954
1444
4937
5578
6764
8845
1337
3807
1324
8166
4339
1375
8414
1963
368
1316
8103
987
5494
11
4110
7960
342
6815
1473
9936
6133
4613
9506
4435
3538
9959
2860
9944
6036
6704
1332
133
1717
687
5517
545
4258
861
9502
2859
5479
3391
7854
9999
6772
5556
6257
8560
8319
2531
834
6916
6597
5051
3446
3005
2463
6262
637
9070
6825
7556
181
826
2683
6324
913
3040
1879
5491
6472
3489
1154
8813
6666
6572
3466
1621
2075
7716
7146
1994
3228
346
7373
4762
7151
3142
7941
6266
5921
6846
3157
2610
6211
7330
6731
2938
168
2917
8550
6488
6104
9892
7560
8090
4740
4248
893
2079
1408
2494
9577
2120
3053
3258
2763
8149
6928
8066
9409
3555
8620
5027
1203
5470
9649
2318
5384
3101
6236
8013
1407
7236
8175
887
5097
4074
2139
3705
5330
9253
9868
8230
3519
4737
5637
3827
5235
821
6835
9762
7613
9837
9731
2664
5239
9131
9633
113
5693
739
7104
4572
8919
6220
3505
2964
1239
3272
8666
4096
9660
199
6321
8331
8711
4980
718
8064
385
540
4036
2569
2514
4549
7127
8613
5015
5228
5665
8877
2386
7481
2832
4190
5080
6672
3010
6515
8640
8773
3296
6894
8073
8257
5078
3403
7021
7140
7042
2424
7770
3006
8788
7139
3461
3783
9421
7605
2469
8725
6943
4693
6838
889
8233
2837
5468
4381
3741
271
6370
1943
7725
743
9225
2381
7880
8468
6637
7434
4965
2444
6190
4101
2279
4368
818
7415
1253
9870
8689
6440
7028
2766
9356
7858
4948
4280
2574
294
1220
4432
4537
4688
3800
2046
4757
8334
2798
7353
5650
5448
201
3576
253
5588
5713
8379
771
1690
6844
8930
1603
8947
6609
8194
1588
9429
7759
782
3528
1120
6776
4284
4637
6176
3074
3996
1244
2827
6536
5516
4328
7813
2059
7011
3518
5049
5724
7302
7381
680
6558
4647
5663
4677
6527
4984
9473
1032
4742
1880
2990
5498
1842
2095
3205
827
7768
4818
2495
8583
557
8837
3553
7093
3663
6909
8699
7281
8652
4006
1874
7279
6618
9115
9188
601
475
165
6120
5560
7894
1087
1775
9397
2493
6366
7135
9415
663
2879
4750
1795
1010
3283
4977
205
4356
6554
9162
2412
1371
3393
5314
7265
7048
1339
317
4411
4536
1540
3030
551
3556
9450
971
7588
2418
5
5460
9447
4183
4895
6417
3401
427
5692
2627
4011
4081
7590
3146
1770
2619
3560
4602
1168
2558
8819
2328
6134
5953
6154
7346
1321
5450
8053
67
1243
8056
2959
5413
5245
3627
2843
5131
5046
3507
925
6351
3215
2364
3028
9945
7387
2246
1719
3366
5311
68
2637
3004
8355
963
9148
7805
8493
2370
380
7290
5669
6705
5185
9489
1608
5129
4803
7242
8142
8104
3674
3774
3052
1308
874
512
3693
8411
4812
7030
2421
9034
5240
5272
6340
7671
9059
177
2094
4751
6587
1056
9786
1380
8404
3814
5017
9287
1302
4247
668
4127
1416
6209
7126
1261
2090
9907
2134
1069
4118
2821
8427
8039
1477
5538
1258
5138
3584
2795
5424
8254
6308
6642
5106
4168
8535
6281
8224
3073
20
9564
6043
231
5172
2445
9044
8565
2573
230
3944
646
7525
1388
1199
2979
5541
4714
4743
309
8476
4107
4780
3303
820
7234
6927
302
1765
9112
3268
1465
4233
4596
318
3286
6968
7616
1706
8265
928
5656
6865
5689
4667
1920
3691
3706
4682
5405
8959
7382
462
8106
4329
993
5727
7465
78
715
5136
4632
6451
2089
8659
9058
6326
6507
4558
7634
6592
3975
9036
9
7296
8349
2509
1836
5899
3378
3969
9222
9106
193
6328
969
4905
4508
5928
6874
7665
7285
5644
2758
1949
7916
1267
9470
4908
5094
1230
53
8588
6389
5511
5916
6667
425
3718
5570
6903
4538
3049
7009
4355
8252
8978
6538
9091
4222
5141
2208
4449
529
4934
2484
1211
1157
5201
3457
5170
6039
8063
8764
9292
6890
847
7392
5954
7596
2415
7266
7915
7968
6320
9863
4179
3694
3690
5620
7357
779
4500
515
4041
6887
4657
2655
1570
1579
4763
340
1761
61
7645
3107
6397
3561
5974
4797
9994
9381
407
3116
4885
4155
9608
8575
7763
4614
5473
8567
3382
7229
803
7683
5303
2767
5707
3928
2432
9653
8708
4119
8281
7165
3476
2181
1839
9344
1511
6416
6676
9991
3972
2538
7757
3831
694
2470
7145
160
7408
2515
5178
6078
1744
8082
9204
5125
7530
6864
21
1191
1817
979
6395
9254
3325
381
6858
3688
3033
4170
998
5547
2666
5359
9917
5052
6298
1932
9386
5579
8723
4324
1438
7441
9444
2713
6249
3679
8950
4253
8977
8714
4093
523
4576
2035
6969
8795
1937
4441
1652
1373
1794
9682
1099
5601
6201
7528
644
387
7887
2464
1428
7629
3125
377
3854
9521
4150
3658
5505
6121
7388
7294
4540
9523
6204
6357
5687
1318
6789
966
1474
7782
4444
8483
3220
4979
3254
8706
9392
7797
5446
2459
4045
7262
9306
4412
7714
4872
4455
3739
4796
4008
9934
7288
6044
1644
1046
8896
2635
6559
5785
1968
3997
436
2902
3753
6505
4624
2419
6292
9736
442
8128
5815
2375
7732
3613
74
1042
1525
7538
1389
3799
1035
3082
4227
1421
569
7734
1019
6023
7926
9950
1049
17
6458
2045
1659
5743
1300
3919
2097
3274
5488
6850
2840
2554
3499
520
8554
4855
3598
572
1944
8671
5682
1528
1575
6454
4104
4662
9380
6923
3904
1413
3104
5435
2199
5430
6091
525
9394
2161
7789
1153
1726
419
4292
270
5008
3933
6203
7663
5808
3275
1202
5203
711
1125
6802
1177
792
629
8048
1484
6655
4126
3725
1746
9404
5036
4305
1615
7684
4923
5895
3977
2769
7240
7025
5884
1824
8726
8615
3590
9122
52
333
5265
3704
6936
2320
6007
4561
4727
1363
8874
1806
6294
5770
4228
9989
9433
9384
8189
3090
2143
728
8852
7513
1816
1841
3858
3968
4839
1624
4314
7327
6082
3070
5572
3246
8244
7348
1440
9724
597
386
9006
4781
9664
5077
7519
8299
6310
5711
1565
8906
5140
6178
3712
353
1524
4696
9219
6885
3009
4505
1830
6383
9169
1980
9816
1285
1498
5408
5112
4121
3732
2460
3357
968
5995
411
6197
3650
4588
7231
3244
5248
5309
9100
9022
8605
3864
7177
80
1116
2815
8883
3018
1361
7808
8924
1716
3229
215
4003
5154
3588
2122
5738
9620
290
4990
9319
1554
5414
5089
5888
1496
2442
453
1578
8186
9926
752
354
4852
8185
1642
9696
2506
9024
1059
8003
8628
6997
2607
8438
7543
284
5058
6215
8460
5616
8935
9679
3337
6937
7092
8141
1275
5610
5166
5941
1431
2592
4029
7063
5931
2223
2628
8118
8664
4738
3085
3617
4982
9971
7959
280
4563
5784
9300
5483
4199
9611
956
5522
7936
9125
5168
4907
8508
4680
505
3849
6785
602
319
1415
9101
4131
7974
8400
6011
5234
4302
9563
905
8807
3061
9684
8412
1485
3655
1232
8210
7689
6605
3687
958
9555
9135
9605
934
3512
7579
5310
1364
945
6804
7564
3586
8496
7558
7637
1612
4427
7050
2629
5157
2498
653
4694
2481
6770
9262
7862
6949
1562
2051
1890
5283
3465
6005
1113
2658
1755
5226
3376
685
4210
6714
1011
8822
6068
9021
2870
3762
4641
9949
6823
4051
669
6791
6660
1384
7822
3239
7863
7244
4524
2462
6042
1274
3452
3964
7935
1195
6818
7816
9789
8921
8890
6498
7685
1240
4523
4653
3164
4186
5399
5127
9028
7654
7370
8161
759
314
9234
4976
6602
245
1048
2844
4171
5639
4166
1530
7405
712
4510
9480
2410
9548
1020
6546
9642
7739
2057
797
7259
1257
5244
9019
8738
9495
8746
1748
3692
627
4960
6033
2764
6849
3804
7534
8581
3885
8187
3221
379
2405
3397
8046
9060
8394
4114
194
6718
598
9111
7338
869
6224
7490
3412
6069
5290
8110
901
324
8429
6041
3621
2825
6922
3273
6784
2975
5174
1149
3860
8492
3290
1684
2256
4290
3619
9997
7080
8017
3200
8694
2248
6073
2563
9043
7081
7422
4753
6014
6624
9340
3701
445
3299
4032
1457
9098
305
62
868
6296
8036
1403
5845
9568
4511
703
1000
3965
2403
3862
1930
4702
2901
5032
9581
5237
5108
4957
9258
9090
3610
7004
5861
2951
991
8568
7181
2802
1312
1551
1040
6066
6442
5535
4404
3941
5300
4082
1356
7040
8450
1435
9206
4098
7549
2625
1630
3077
3385
6003
6861
599
9341
1598
5786
1661
8954
3315
8208
2121
1366
4566
2696
938
9858
9639
5986
519
2192
6065
7291
8855
5454
3877
2294
3759
6871
8873
819
5181
4458
190
7589
4311
3935
9874
5041
3526
3781
3016
7998
9025
7623
3390
1766
4446
3292
2135
7641
1301
4580
3930
5210
4652
9430
5781
4297
1306
8899
8266
481
9277
6025
3180
4287
3432
8388
38
4672
7890
6951
7566
7045
6634
8301
9001
2577
2756
5366
4392
2588
9323
9487
5139
4756
6212
8510
5958
5933
5197
2730
6049
1810
8669
2329
286
6405
5208
3909
7502
1960
7536
5507
9468
1764
1801
3202
9218
4857
7014
8630
8347
5400
3543
6854
9274
8693
6264
3122
3151
9756
4278
2002
1878
9783
2553
6478
3451
6333
5583
9651
5940
3987
4357
5243
6489
628
8532
3810
3723
4097
3733
4749
6550
8579
3612
9236
8502
8758
9398
2883
8454
7421
1187
9347
489
9215
4951
7694
7803
1872
1497
2084
2230
6557
3072
5708
7329
1743
4070
6291
1675
114
6539
2589
8515
3666
5452
2551
5696
3913
4918
1213
4871
3063
3369
3604
4837
1255
4631
8345
5362
8382
8594
7783
2893
9490
1710
3603
1377
786
3201
6947
9407
9425
1109
810
2946
4853
8994
7149
5312
655
7818
5161
100
4615
2665
2096
8250
6547
2500
8761
1604
4456
1420
5923
4371
4450
789
42
5967
3699
7323
4206
1217
4593
9283
2738
7304
2643
9643
518
2006
5989
5060
2667
4903
9727
2324
4752
8258
980
1863
769
7703
9820
8627
1998
7686
5631
1090
7884
8286
9176
9151
5085
9527
6109
1693
5033
5019
2615
3506
5057
7239
6362
5148
6161
8986
6477
3498
2710
9252
122
4282
8237
7053
3516
3661
10
4548
9061
4018
3700
3083
6970
1730
914
4620
8062
4128
3338
4545
8058
7748
9862
2114
6108
947
6880
7681
5907
9053
4786
6026
3464
7575
3065
1886
5103
494
7000
3415
2871
1669
8786
3954
3798
2193
7384
4243
7874
2668
2642
2594
7837
9029
37
5213
1037
2267
7383
4389
5417
6853
5858
9452
6122
7491
8087
7430
7
7429
5667
8626
8973
3652
6678
7668
7243
9589
6783
4480
1965
5988
4610
9741
5385
9471
8969
8754
9437
7918
3887
4744
5658
6060
7012
8362
5421
7255
123
2257
1002
5486
9800
923
6057
3222
721
4949
8945
220
3846
3786
5492
9075
556
5307
3261
7523
5465
9673
4073
6737
844
6821
5216
3715
9735
5230
8455
3900
8542
5852
6093
3075
1512
960
4291
8231
3347
2770
1335
8303
4708
2157
8034
3248
4165
4431
612
562
5266
2047
6253
8117
8747
3894
6030
79
516
4962
4758
8099
4299
3439
3438
84
866
4715
471
4518
8995
4394
8228
3535
6297
1593
9232
1313
7493
3280
6443
2905
9811
2544
584
7438
7358
9436
6612
8203
6999
4463
1127
249
2060
8337
6685
9192
4046
4969
9556
6893
7435
1905
4086
2994
5011
2305
7394
9269
2359
9745
9293
2985
10000
8357
9379
5096
3454
6168
1204
3342
7580
1881
6508
7984
9049
5596
2677
7101
565
2973
9661
5499
8005
6757
8752
4899
9737
863
2916
6401
9270
9722
3206
6790
4113
9332
9615
7561
139
1822
5024
6359
8278
2396
3152
9056
4138
6590
7946
7846
3311
5635
3190
6832
6907
5018
6767
6911
5675
1747
3095
6089
2492
2565
997
2996
9791
3441
9087
9948
7804
8256
2014
5467
3442
7271
9616
8072
1616
6327
1051
70
4423
5219
6146
5720
267
7198
1757
5047
8030
9833
3990
7787
4552
623
1433
8612
2590
3234
8875
5260
6842
2709
184
2614
8395
6016
6330
450
8885
1260
8474
1379
7872
8987
1103
4648
2313
9795
6233
3525
7790
8810
8043
8949
322
833
40
3897
1039
9838
1134
9912
8085
2602
1867
5721
5942
120
5670
4156
6465
2323
2072
303
6076
2111
9432
7037
4058
544
4173
4697
5982
9687
5557
8236
5331
6187
2350
3217
9766
4273
6659
1803
9089
9186
2314
3329
1632
6962
6712
5550
1094
3760
548
8997
5247
2978
5794
5241
7983
9443
4413
3606
624
3262
5286
6182
6549
420
3818
1948
352
4134
154
7514
9191
8129
8146
1314
208
14
1712
5594
3384
3405
4283
5422
7049
9499
6996
8597
7067
2810
4038
5425
7376
4676
1250
8968
2728
9884
6961
9685
8372
1208
619
5406
8903
8296
3651
9808
7195
7735
3632
3620
3821
2112
4806
197
2150
5898
3076
9280
2393
8329
4939
4941
4810
9072
5031
6469
2632
365
4188
7091
9794
3645
7399
1025
9009
9657
1829
5636
6673
5357
6314
7957
5981
7150
3813
9578
391
2612
4083
2178
7064
7222
1739
95
7197
2390
4334
9972
8729
7213
4785
8132
9496
5630
4496
3208
8806
5146
650
1425
6234
6654
3767
9368
9290
3186
8966
5263
3475
161
5211
5999
4211
6158
7516
6300
9680
6400
5273
2491
1655
876
8771
6348
7193
2656
2343
4832
5221
1815
2166
2742
2283
313
3947
5881
6139
1985
9902
3383
9715
1737
8068
4504
8718
675
5436
8127
7445
9923
5762
8705
9539
7677
5040
6226
3300
5212
1959
896
1904
608
7444
9514
171
2694
6822
2603
8440
6978
2502
7985
5773
3096
8107
1984
467
6347
5484
6250
8316
5598
4367
1155
8500
1173
5851
7826
1790
6192
3054
441
9817
8332
7109
8098
3738
7563
6531
7095
3665
3324
1884
8961
1290
3548
4125
1133
4108
9190
1550
1809
7223
2700
688
362
8403
7447
6056
1754
3109
9962
2000
2988
2555
1352
7584
5765
8109
1595
3850
9974
6096
1192
5336
6959
3189
1181
2604
3703
4850
1922
4468
3636
4425
5229
8869
9809
7541
4060
47
7251
2754
7544
3825
9770
4617
4840
5074
3266
7207
7847
607
3034
3251
4403
1597
3812
3340
9734
4077
1028
6913
7952
8717
754
4333
7289
9638
9551
4053
8990
7619
7311
3066
6152
5445
7156
4178
5150
4888
2775
2374
7982
5653
2176
4017
2881
7047
7287
4116
8070
5176
9272
2743
4863
610
6695
932
8348
6738
6985
1805
5193
6606
7651
6973
2216
5998
3130
8521
1667
5324
6753
5132
8343
9625
9906
6876
192
4521
5410
3349
4833
7471
5750
7856
5084
3861
2773
2520
530
7747
1749
9758
5347
9784
7553
454
1156
5733
4123
3227
9803
8861
431
5012
7927
5809
6873
9964
166
3961
8809
7202
9880
7407
3872
1977
7153
1640
63
7331
7724
2755
2250
2322
873
6748
8641
8927
8471
469
4191
881
3857
9910
2488
4475
9396
9733
8886
224
7865
6352
2210
1903
3037
2312
6604
2231
9408
5912
7301
395
4987
4230
4274
8180
6919
3583
8188
5474
8160
4967
6124
1704
1347
3533
8540
5288
2585
4776
1769
424
9143
16
1778
2457
4103
8157
1385
4067
996
2750
4929
3150
2580
6107
6010
8321
5496
6335
6806
5621
6393
4406
6827
734
6754
9508
5267
2100
6583
1190
9765
6184
3396
8292
400
1222
8297
6870
2911
1104
730
2601
5736
6388
9754
9913
9248
6782
4078
9904
8469
9140
9109
2723
6018
4686
9265
5780
3952
2019
1736
8418
5501
1005
2302
7303
7660
3162
8168
6617
4015
3570
877
2436
7203
2836
5055
8451
4323
5866
4915
1310
1629
5873
9538
9700
9413
4926
5358
3595
582
838
4144
5198
7727
9504
8196
4447
4160
3177
795
2793
5806
7635
3998
1718
7949
1887
1762
1122
1105
5821
2940
3398
2702
360
8424
1753
8537
5165
423
6232
4836
7889
6674
864
3012
4634
2218
9535
6000
891
581
9485
6516
2073
478
9304
686
6733
9243
2706
9411
2101
1284
1713
4940
9094
1861
1741
1216
4354
2417
9681
8863
6185
1461
9799
5856
9526
6160
2731
1664
2295
9813
9826
1333
2692
2803
5367
3873
3048
6276
4790
2109
492
3326
7699
2651
6127
1404
4080
8749
6793
6886
7221
2118
8970
9587
6367
2984
6866
2458
6309
1645
2735
9069
727
8879
4062
8621
2360
8687
890
5164
8676
3158
5119
5264
1926
2504
8859
8209
8396
1223
8089
1618
952
7347
1471
5394
9518
3089
3143
9478
9457
7539
908
6083
7896
8280
6895
9500
7484
9250
8805
1958
7406
8675
3330
9039
7939
9805
7196
3896
6595
3717
9764
2557
6645
5990
2292
5870
3788
5709
1933
1286
5553
3013
2433
7798
3165
2128
7460
3707
9806
7562
1443
710
2015
4557
9308
3722
9285
701
9237
8564
7247
2882
7899
2991
2163
9558
2384
2549
3685
4492
4028
7206
2197
9359
502
8353
3629
591
3917
7134
5167
9582
2805
1535
73
9861
2527
1997
8602
5603
6535
6248
4666
4695
8848
7418
8912
4819
6313
5493
2576
3559
5577
8381
7572
3086
824
7631
7250
8514
4231
7402
285
6491
7704
9335
6735
6966
3855
7345
3937
8045
6332
5471
6456
7845
3779
6991
446
389
2540
1251
8158
4348
1268
589
8573
6244
6800
4122
7848
2952
9048
276
1938
6734
4359
7859
5323
8458
8948
1791
8971
7254
5710
7504
3673
261
1242
8765
3174
9980
7964
3023
8964
3253
7531
1837
7917
7235
9085
1455
7649
3983
8356
678
8774
5369
595
1079
9267
8601
1869
9000
2067
1610
8851
4238
4942
9416
4241
5395
805
6274
3597
9108
1147
3356
2745
2149
5599
5626
2331
3581
3500
853
9967
5518
432
903
6867
6085
2385
6024
4087
9686
8512
3279
7749
1638
648
2499
7335
8000
8922
9709
2195
5179
696
2136
7105
7083
7515
1808
9584
8904
6074
8481
8881
3242
2235
1503
7386
2165
758
6524
8344
2338
8831
4881
8159
7097
4771
9126
9153
3138
5144
1131
5004
5528
5674
1277
2778
2958
3714
6521
8552
8999
8273
9370
5642
1832
8341
8466
5915
2732
3901
2273
4621
3103
6960
2950
3859
8753
6799
2622
8251
7411
2168
3757
7546
202
9217
2765
2434
4522
8842
3255
8936
7784
3285
9779
4598
3558
9210
7765
5691
3847
279
8101
3433
1043
719
1510
3333
7268
6144
9676
6110
7173
7312
5964
437
57
226
8876
8391
3481
9725
7495
1508
2039
2804
7458
9593
541
22
9013
9958
6437
1529
6270
9371
8840
7839
8364
2547
1502
6339
777
6780
6711
8342
2729
3281
3790
3287
6125
8179
6017
6186
1468
8096
6148
6006
6565
131
8897
854
6646
9353
6640
8309
4420
8360
575
2878
7971
7877
7075
4972
682
7072
7676
8136
6589
9453
3869
9881
9804
3863
2618
2613
3468
4293
8972
2022
4370
1536
4687
476
811
6105
9494
8733
8402
3550
5088
5271
9235
5906
8425
5602
8775
6230
3517
4229
2863
8275
1813
382
5334
806
315
7344
7455
7625
3196
5200
7511
6983
4187
2866
9778
8975
4472
2941
8796
4668
55
5156
5217
495
1422
1017
1041
1854
7550
8801
7512
9920
5472
8449
4042
3449
2923
3235
7526
7044
8834
8463
995
7904
8174
9825
4567
2010
7160
1081
3361
128
9068
8818
5191
483
781
4203
9818
3463
9979
4774
1701
2721
8882
9121
4556
8384
8804
5843
7055
8864
1865
3110
6307
8165
3808
214
3514
7119
8074
7657
5402
6058
780
4865
618
2298
6240
3639
2968
9546
8715
8370
5530
8562
5892
4313
3271
8198
8991
9238
7001
4424
7815
7892
604
5891
2598
8663
5048
9626
4571
8843
8436
8856
2877
1780
2301
1445
5542
8686
4369
2009
212
5370
4755
1053
2587
6952
4197
6774
2983
4772
6171
3304
2976
1159
965
3112
4586
2617
8603
6525
6881
798
7881
9841
7368
8732
7385
8793
3051
2653
699
6166
8668
6633
6098
4870
5977
3435
8214
1605
6855
5865
2834
7817
5648
2446
4254
2086
9385
452
4471
466
8690
1966
5924
2376
554
7466
5187
9893
3795
6794
7404
7867
8835
2028
2236
6680
7241
5589
7033
6797
5992
2198
7611
4442
4421
7864
7622
9891
3198
8593
1052
790
8622
4009
3653
1348
4952
1541
4361
398
9887
6444
6162
9410
3420
7604
9897
5062
415
8253
6863
7428
3204
5629
5364
4920
724
2185
6384
9580
7319
2929
501
9827
6824
7115
6368
6955
7769
1235
9636
8722
9181
7102
705
8878
4385
1688
6698
4061
8646
4628
6847
7929
1725
3624
670
2379
2232
4130
1143
6503
327
2088
5117
3503
2190
8692
1419
9692
2333
5160
4956
5439
1864
9266
487
1587
2080
9627
567
6993
763
9220
3552
7751
1892
5540
8037
9663
9203
6627
2969
235
1531
6277
348
1951
4490
9107
907
5153
9259
8191
5215
2456
7220
3698
1589
5442
2258
1423
3522
4417
7832
2647
8201
8287
6843
897
401
611
8490
6021
1599
6682
9463
8713
2083
4360
9136
1668
8495
3472
1391
6560
2054
6341
852
7594
7340
8685
4022
2884
1827
1913
6457
9815
1401
325
9821
7378
8591
6436
8138
6287
5382
111
7902
744
421
5455
1871
2726
8086
7096
5839
6448
8953
3314
1724
3488
9586
7439
1823
9698
255
4010
5872
5934
1249
1392
1354
6974
4037
9279
5534
4147
9271
1481
4643
1855
6509
9990
5527
3520
2567
5025
594
4391
8870
6603
8282
4883
304
7159
8351
9012
9847
6223
2389
6475
3001
5729
5388
2633
4306
7334
147
6715
2684
7029
8206
5261
2081
7019
1785
1784
5509
962
6851
4457
1692
6938
2437
4024
9315
8789
6345
7337
2183
7185
5427
5457
8812
9987
4964
9150
2406
9249
5415
6703
1152
3618
3100
8572
8135
2129
8323
7059
8009
7161
4829
3856
7473
7110
1311
7720
1647
3684
5910
2490
5028
5386
9298
8498
8151
4630
3844
5151
8853
9079
1850
3026
3367
7886
4192
7870
4966
1818
3182
3316
5731
2353
7823
4479
7833
6222
9738
9451
5521
4268
9701
5968
514
1600
219
6513
4747
9118
5683
9497
788
6206
4266
2049
4671
6857
6632
4633
2856
4242
8216
3493
8536
4959
3332
5801
1086
465
9842
2103
3678
6028
7612
9276
2104
8126
3605
841
8518
6569
1697
482
7123
1486
1137
3022
2788
7746
6136
2269
892
1448
2707
8547
8408
164
2816
4263
6237
6159
7821
6902
4862
2657
3195
3871
8643
3288
882
6771
1585
999
8900
679
2957
1303
8661
296
6994
7583
7342
2048
920
6631
8710
1714
9177
3646
7292
3429
9422
1178
4388
4181
4232
414
9599
8426
8734
1709
919
8428
3197
5489
4705
2672
4439
3925
1954
3841
6114
2989
9930
912
7324
6246
5466
2034
8762
5194
3185
661
9378
8220
8815
7639
6833
5289
9882
4646
1682
9993
8092
6130
6543
7923
6975
5280
1845
1674
4661
178
5163
6369
7722
3591
7450
7420
9609
4801
3188
1591
3752
64
9435
3602
7972
4994
8075
5196
7462
5763
6570
9119
4163
4300
257
6707
7810
2641
9520
9763
695
8880
1327
7743
5659
2480
1553
8644
3943
1774
1663
8913
9510
5458
5609
5104
9843
2249
8976
2896
5799
563
2631
2213
59
6090
4345
23
3057
652
4798
2861
2650
2078
4543
1925
9903
1912
8522
3402
8830
1278
3609
7320
7478
3267
1860
5559
7537
8267
4692
4437
5880
8833
6342
5506
8662
656
4384
3557
8760
6195
4955
2546
9647
1210
8279
3801
4873
9224
5306
6877
3580
6092
3087
3572
1175
4453
1504
5318
5725
6164
6111
4438
7855
4088
3145
5190
5072
5514
3377
3908
3233
5281
9095
3836
8325
8423
3011
2539
142
649
5045
2662
1619
232
3816
1703
6427
3042
7581
5790
240
6135
3736
9522
8119
9559
4014
7712
1326
1821
4056
7786
6261
5070
6094
2369
9872
801
4529
6214
8592
8318
3422
4223
4416
4310
2717
3886
1442
1158
140
2400
6967
2961
5802
6394
8307
6255
5082
8619
3601
1138
9052
449
8042
6812
7138
5660
7791
274
7128
1450
9721
4851
8967
2559
2661
3749
9345
506
4068
7482
6485
7144
2995
3137
7944
6742
7989
7795
7372
4502
7066
8742
2808
2681
2394
1495
7776
1996
6337
4843
4834
5268
843
5292
5871
1424
8366
1546
3045
4877
4059
1987
2846
4025
320
2252
9491
9291
4938
8047
7559
336
2541
4698
8260
9155
9822
9442
1590
3172
4466
7806
9973
8974
2413
2408
957
5804
4989
1400
5864
6219
2373
5005
3147
3659
9366
7108
81
8195
5440
862
2530
3097
1228
486
7756
6641
693
4213
8069
5706
8313
9562
1798
5847
7031
2125
2365
9472
7670
223
6380
6819
8519
2833
793
2595
8464
3721
4483
1299
5293
924
7352
8779
745
3630
6433
1176
5121
5838
4927
8517
8234
3485
6829
8078
902
5562
1657
4809
1910
6302
9576
2422
6323
6137
3689
3641
3890
659
4000
1269
8050
2052
7542
9317
3824
7257
6189
6533
6390
8001
8798
5126
410
8143
5113
5614
1434
9889
4044
9023
7906
2454
762
435
2339
2317
835
2401
9658
5554
7343
90
586
5952
5403
5149
3236
5984
9706
720
2885
5975
2839
8616
8960
7073
3343
7269
4320
723
8153
3755
5102
915
2581
8751
8248
6619
6837
8674
2634
356
568
6946
1082
930
4655
3219
8847
4846
8955
8604
3574
241
2963
5702
9445
2751
7754
606
7608
27
6355
9628
6701
4235
4867
1939
9462
7777
1279
5532
5059
7980
9295
8004
1758
5800
370
2310
9554
1297
5279
1112
6638
3529
1225
5607
8291
5811
6845
1898
5993
1722
4825
191
5813
8571
7938
1029
6786
9321
2914
3569
9782
8317
2920
4560
8794
2689
4105
8363
2420
9456
5135
2889
9161
1523
5755
5236
4318
741
2130
2068
4913
1106
2346
1506
7282
2255
5341
5294
5983
5966
8923
5744
1779
6957
9691
5411
9309
733
4162
3114
2599
8320
4279
9465
6411
6131
2099
9005
7869
5655
6896
8229
7656
2220
7316
7658
7978
36
9730
7630
5412
2288
9850
1935
1929
7136
9003
3648
3046
5495
3696
7278
8545
7708
2098
9540
665
6651
2999
7592
9846
4664
509
470
9055
776
3139
2483
6626
8475
4194
1476
29
6717
132
5946
9375
102
7354
4625
2451
8385
5772
7900
8691
1322
4768
8416
6600
9194
7774
2912
9393
1331
3727
3322
345
4897
8584
1907
1193
5902
3025
266
2823
3058
2608
4530
6763
683
985
9062
9719
8008
9303
5490
1014
6143
1287
262
4346
4486
9693
528
8678
9424
5549
9932
4654
1931
977
3879
7339
1969
7425
4380
5608
1889
259
2040
5844
367
7217
1
1234
7467
9864
1626
6387
9389
560
8785
3833
2786
116
1367
2496
5374
3926
7778
4303
3920
50
3159
8272
6608
1833
2170
2915
2475
1342
8585
4043
3105
155
7925
684
417
8453
4353
8371
7058
3184
1163
3126
7453
815
7954
1172
6290
2316
9976
6601
8599
9598
329
7396
4288
8523
4933
9449
339
4167
2272
3373
9876
5795
1650
328
251
8731
7603
2461
746
9550
7866
9299
6273
7766
959
8163
7802
8645
4945
6286
8018
4794
4663
6892
829
426
1556
546
2414
5685
9621
5842
6765
4600
3670
6986
1662
1463
107
2525
9146
5662
6931
5034
3936
7879
272
4478
2188
3938
41
1171
6486
3212
532
217
7905
7103
8892
9200
3135
7883
3069
6826
9919
5960
6591
4761
1012
8665
2556
9105
1072
9852
1179
5574
8435
9066
3980
5329
8574
6216
5304
916
5612
287
3832
118
5389
5360
7903
8553
1141
4217
4589
531
1972
2200
7850
9666
4495
8452
4443
6805
3769
151
5850
1552
3418
2064
7617
3720
1538
4506
5739
7212
5397
6990
1835
5701
180
2155
9753
9713
8029
2659
1018
6315
1330
3577
4928
6174
278
7888
9507
8871
9182
5814
498
7723
2378
2349
5537
5797
3551
3939
6512
3724
1901
96
9418
2093
256
228
5107
2438
3123
635
933
617
9939
6530
5477
265
5927
9855
332
8821
326
4559
3127
289
1636
9104
3927
894
3870
2513
4868
7840
865
7570
840
1075
1625
8673
4807
729
2071
9078
7901
350
2058
2027
6556
334
7087
8302
8177
3156
4914
9515
3716
5390
5751
3579
5380
8884
4049
2092
8197
5431
2007
7585
5519
5835
8488
3956
5722
9010
8139
170
7356
9401
3563
384
4996
2974
3916
1328
1561
7913
188
5705
8898
1071
4503
1188
8324
3062
210
4874
5349
2522
8268
3317
9388
1957
5909
9683
6741
7361
4800
8730
4205
5449
7118
8328
7758
1296
9634
3544
1304
2586
7967
7286
4106
388
2036
7472
8079
2290
8361
2943
9216
6353
9814
5730
870
1491
3473
5889
77
9400
4374
5863
3187
1831
9788
7209
7076
1207
4791
1882
3015
6981
8339
2206
616
2468
7780
6034
1862
9531
7377
7555
3297
9305
8243
9583
7871
6615
4307
1245
4932
9172
8215
1036
9260
6669
5296
7397
8223
8067
6165
8702
6464
5741
7314
6100
2835
3237
1298
9851
4710
9325
7284
105
5748
402
4426
9911
8401
1547
2271
3756
311
6686
6502
7713
7274
8525
2570
6259
4319
8112
6905
8902
4736
2137
6971
7325
7640
8444
3884
6452
3038
5962
9156
9729
9333
3372
764
3289
5348
8255
5704
2224
9519
2776
7609
8393
9956
8507
8707
3710
3331
3984
550
7819
9857
9226
536
2021
9081
7437
9839
355
1507
583
4141
1781
7950
4622
4493
9723
3175
460
7218
148
9077
1387
3021
7169
571
1282
8750
5875
2171
7417
7336
9199
6995
8530
8721
4831
4651
5504
707
2
9928
2233
9650
906
6584
5905
2383
573
9492
2489
7508
8932
6581
1009
6840
2209
7189
5120
9017
1649
2443
1838
8905
2238
157
1272
566
347
13
3677
6403
580
3742
8170
5137
2962
636
5451
3141
8144
9655
4788
5867
5883
8727
3250
800
1516
6648
8026
9824
109
8639
9348
1256
3447
76
8131
3353
7120
3295
6221
1174
310
8889
9247
3484
4383
321
6679
3911
7225
4221
182
8226
5155
3903
9955
8472
9138
366
1544
3642
9607
167
3776
4085
1148
9810
6663
1368
9750
717
4076
2261
9618
8937
7023
2311
5021
8503
7403
7158
1945
8928
1522
9477
2907
8926
8998
7618
5396
647
8259
6361
5948
2583
2993
1527
3842
2268
1266
3496
5745
1658
8049
5214
8373
8359
1513
9082
4699
4709
1215
2296
9573
4999
1848
357
4387
30
9667
6956
929
2591
8520
5779
6409
9057
7419
4728
700
8238
6155
1453
8857
3895
4445
5500
137
3633
4013
2739
7661
1219
8405
9925
1475
1756
6430
9952
4760
2516
5885
1307
3542
6312
7154
8860
910
6510
8150
2582
3686
7672
3820
9240
4820
6713
403
9835
8040
5262
9511
3662
1577
7545
9018
5510
3768
1345
2850
7318
7857
5438
8192
9875
9984
6317
33
8172
5926
5332
5350
6984
1482
2186
7767
2153
9860
2450
8235
4219
3003
5688
2928
4407
9114
9189
6670
5697
7489
3647
7267
3269
5480
5776
5894
503
413
585
2898
9542
5961
4176
1034
5242
3664
4172
7830
3149
7188
6839
7911
2355
2196
8121
6123
5911
8023
3564
5536
7276
6706
43
879
2685
6252
9982
6700
7089
1727
1060
837
1782
6836
6343
5147
3989
4765
6809
3554
312
6410
5965
5732
7480
54
7174
3380
4608
4725
2479
2426
3257
4894
2020
1369
2890
5320
593
6431
578
8310
2759
5523
8908
1634
8352
9080
4880
4713
7496
3041
3593
5291
8557
737
1875
7824
394
5255
9123
9198
3868
2227
2921
6438
5063
2600
3181
5890
8288
1353
7246
8596
7046
1680
2201
152
3341
8524
4835
1439
7764
1145
72
7861
5101
9083
7051
8541
203
3094
6944
5456
1687
3478
8167
4048
75
7359
9752
8625
2126
7043
173
6040
8656
2005
4900
4249
922
3302
7124
8563
7374
1906
3093
2949
1003
7682
7148
5123
1745
982
2242
3867
674
2772
9831
1849
9501
7035
7965
8838
6268
3224
7992
5481
5955
8887
6095
9749
1454
2529
7962
8028
9481
183
6728
4184
373
7717
2980
5749
1763
4089
1492
2663
3634
6900
97
9513
9505
8988
6177
5184
1472
7773
2954
8044
6470
3829
4581
9630
5757
2671
5368
2566
5551
3889
3950
2686
1807
65
3282
7655
6888
2140
4286
1858
5003
7997
9395
8918
2519
9856
5453
7930
8346
6035
1695
1001
8035
6992
7527
7800
812
9524
2711
4063
2575
4095
7792
6987
156
5698
1601
1742
7056
351
6126
5920
6356
4409
4177
5295
2518
918
5053
5600
4858
6616
4513
7456
3469
9294
9391
7690
5970
7293
1509
8623
8985
1437
1418
6429
7733
4981
5613
8485
6046
9174
7199
5826
8083
8790
8397
1007
9002
307
7468
549
6101
1283
2734
8387
9207
8929
5443
508
6657
731
8756
1729
1908
4526
5925
6331
1700
689
7214
5712
4250
6157
1596
1061
3024
3211
195
4721
6336
8113
2532
5569
5638
8683
7106
4488
39
7168
25
9263
9128
2744
7433
9688
1205
2025
4509
5225
1891
1560
1441
8611
2409
7675
3949
3513
1396
103
3973
8176
3017
6462
6555
1458
6689
5022
5664
5605
6047
1493
6258
4477
2388
1654
5543
5823
9819
4277
3565
7224
8484
4482
5447
49
6099
4182
1365
6750
7940
8917
7907
4344
5061
1169
504
6490
6263
2222
2315
9654
3336
7688
9493
2826
935
4998
2564
8432
4527
7995
1123
6449
7702
4094
2845
4573
2357
6709
9179
5558
8716
3578
4159
2011
8814
4139
4497
4823
8555
3963
8283
3456
7038
1993
2510
5037
6138
8766
4535
4629
6879
6759
7701
7695
2074
3726
7306
3978
9689
2038
3899
7498
3748
2562
6522
9164
7975
5067
2110
3957
9572
7721
2981
3192
3994
6115
807
1970
3471
1557
8769
209
1126
1676
8816
880
1146
221
7179
6425
7500
7921
5978
4660
9743
138
3416
2550
2813
2507
5319
6693
1083
884
7873
254
493
681
8115
9313
1124
2146
3277
9423
9334
9844
2327
3536
5533
1030
1607
6059
8637
2887
1031
45
3815
9772
6816
4400
7628
7509
4401
2362
8448
3056
8027
7079
7176
2947
7486
136
6344
3113
4690
620
3099
8245
1559
8378
3616
5459
9134
3985
5676
5643
4390
9595
1820
630
1983
5726
5747
3635
2698
7157
1349
8737
1460
129
673
9671
5568
4739
7852
9102
3448
8783
4454
5173
671
3387
455
9957
87
4997
8377
363
7844
9406
7601
9127
3388
9261
5189
5333
1613
7976
895
756
4301
7738
3339
7691
5987
8148
5379
9383
5327
4854
8653
4065
5378
174
7812
6271
464
4174
145
4175
2428
6653
4609
6982
4638
3626
559
2398
8920
576
3803
1786
2852
6697
3582
4133
3301
944
3214
2474
3932
4069
9769
3931
9807
2016
8219
94
8546
983
5392
1505
89
4332
5900
4890
3119
3789
6719
8841
8782
5833
4195
1241
2352
547
2274
7454
5128
8247
1372
3750
7934
3966
1057
4
8415
7163
4579
2680
2705
2300
9775
9047
5065
135
4822
4917
8441
600
9482
9193
7966
1170
2476
3002
9364
8239
6684
6687
4724
1464
6564
2008
7054
8456
917
3986
9836
6743
7211
990
6450
9624
1095
5325
5069
526
4799
1206
5462
430
6762
651
468
3945
7121
24
8264
7948
6392
3124
4973
6777
5545
8430
3999
7987
3167
2913
7643
8202
6817
7593
3888
3014
6548
4226
9545
2584
1427
9382
3910
6553
950
8539
9866
2465
7349
2382
6188
2800
9488
6720
5253
6781
2528
3828
4564
3837
6766
2215
2716
6285
1800
5044
1456
1411
3482
3265
7842
7463
7431
2945
3695
3929
5339
5929
7548
6199
5204
6688
5531
2720
7745
2177
8422
4215
2108
6175
4578
2934
3168
7988
2899
976
9652
7137
229
1796
298
7216
7015
3758
6045
4448
3638
7459
1096
3140
1594
1666
9677
672
5420
6575
1740
2966
5110
4983
1974
9233
9367
2820
7834
3728
8473
3905
44
3819
5922
626
5703
3169
26
5882
2703
6269
4091
3426
2291
596
9781
8614
3344
7461
1934
8374
7644
8145
9755
9672
3310
4189
2182
8457
8204
7680
6349
51
592
1263
146
5475
8598
714
5860
5694
8506
4607
1405
3675
8607
3256
361
338
1853
6360
3782
3091
823
3260
535
1792
7667
6898
8670
2780
9829
2142
7499
6571
7919
5862
5098
3313
8957
4430
785
5029
3571
4604
5623
1459
4546
5932
7836
1161
2278
6031
8526
5817
5791
2676
2830
7204
9869
3492
9369
7237
5829
1990
4759
5761
4898
8660
2792
9885
488
2942
8839
6
7990
82
6875
4326
4805
8551
5548
5275
293
5737
5485
3263
2906
3845
9771
6055
4474
706
4201
4642
143
5908
6724
4601
5515
6386
2167
4377
5647
3953
1868
8276
738
3501
9314
814
8314
6878
4993
8014
1212
2971
3924
9590
6322
7849
6596
7475
1918
7615
9983
3321
4860
8736
8829
2326
491
5996
1281
7142
2854
9792
2132
1346
9986
3545
34
5573
8156
8076
2831
1098
2032
9168
9774
8116
1417
8147
3170
1646
6088
6736
7210
878
2307
3657
1973
5783
9543
2356
4252
1576
1067
3676
86
3345
1574
6891
5930
6908
3399
6062
9196
5469
6552
6690
3459
5959
4200
9038
7931
8824
5767
3199
7744
1238
5714
9159
3809
5258
6301
8033
7895
9995
8528
2173
1478
3374
6586
5180
7328
7190
871
5972
7700
6904
7065
7799
6803
6942
9014
5278
2363
6773
3546
3719
7182
8940
7485
5679
5699
7729
5719
4351
6561
2876
7587
2508
3669
2229
7775
898
4541
809
561
1643
8055
6514
3351
6050
9921
3008
9117
457
4577
7838
1329
981
1883
2026
1606
7367
7228
7750
344
3851
8249
8634
6500
7882
1699
1397
3865
5771
4111
1677
7474
6749
8872
1055
4551
153
6067
5807
828
2003
3730
2794
5792
7017
7487
2623
158
4259
2043
851
4684
1526
4436
6828
4066
7192
4312
7591
8720
1291
2033
3115
900
8647
3238
2253
6496
988
4893
7597
6755
8465
2340
9037
911
3702
7697
4817
7958
9886
2687
6768
4583
2044
2867
252
2982
8182
5434
638
5611
1896
2998
5840
3278
3761
9776
2869
2402
5591
9137
8511
7252
6251
7653
6391
3136
7355
7393
179
8787
564
7659
4214
3740
5950
5788
5014
5508
8486
7100
3064
5092
2760
3599
4337
1047
6517
9365
376
6402
1050
5066
1720
7551
5818
4459
7333
6048
9223
942
8071
5539
1715
8784
9954
2741
9798
2299
3319
2818
832
3453
434
2293
7191
8263
8199
3777
4770
6501
3276
3413
163
8767
7205
5957
9704
6579
4616
5524
9448
2297
1946
8246
8497
396
7032
1979
1877
3155
6518
7088
3161
9065
3866
4054
7719
375
7963
6708
1226
5520
2082
4375
1707
6769
5625
7606
1078
9312
5646
9898
2621
1135
1064
404
1873
850
6722
3823
4151
9103
1022
3787
4528
6054
6267
4023
46
3365
2762
9498
1857
5287
9711
5546
9629
1038
5715
5949
8367
4152
9440
5673
8470
643
9905
2785
4465
3092
7013
6528
9244
7442
7994
6455
4931
4270
9694
9622
8277
5917
9434
8982
8938
5753
480
8682
6364
5365
9412
2505
3409
1085
4047
4525
2243
5423
1189
7082
85
9929
8211
4703
7698
8633
269
5363
48
2819
8421
992
6683
6194
4514
6210
3031
5182
8270
7582
5056
7227
9612
5249
1641
9130
2897
3
2226
7360
6213
3515
2234
7646
9241
8181
8858
7977
1362
5207
6019
3681
263
5690
5680
4675
7273
6097
4335
9895
5561
4848
7365
1357
2761
7238
3350
4636
6729
4001
4198
9768
7249
7423
1097
1500
3144
5764
543
8891
4115
1340
4209
8677
1738
946
513
234
6385
8820
5313
7505
5938
8504
1289
6027
8578
9051
1814
7307
7215
3306
2467
6480
7875
8538
3335
7933
7828
1412
7961
301
5939
6964
6170
2652
5758
7876
825
3940
2225
1909
7709
8094
4570
5130
5372
474
1797
2345
5437
3504
2534
3914
8439
1390
5832
9256
9201
3765
6382
4285
4517
3566
753
5186
2842
5169
2679
1292
8570
1679
9144
1480
172
4476
7260
406
775
2736
8232
9165
243
9183
6053
6435
3106
4451
5007
477
6106
4030
4244
4296
6280
2133
3394
1150
645
8772
1076
4405
1555
9516
8744
1280
3874
6439
4795
8984
9328
9793
7449
7532
5416
4925
6677
8709
8854
6639
1999
6173
1539
7477
409
709
7362
8979
4157
83
527
4565
8184
8467
7706
8482
7261
4225
6432
3589
2783
2127
3417
8827
8054
9553
2042
6593
4912
6408
9020
1248
3806
8576
3284
8650
5343
3494
2521
4519
9145
5973
2926
5991
6004
7501
5778
9229
1711
9054
8501
748
9141
3784
1942
8221
1586
2927
972
4802
2429
9637
5896
1834
4849
4826
3697
5282
8952
7194
4986
3410
7970
2847
2620
7642
268
3509
7060
429
3194
7755
533
8941
6227
4824
6037
7602
8704
9596
6611
2449
4484
3160
4393
9946
8386
8294
7375
9209
7452
3430
5651
7436
5849
5903
8608
3495
6746
7002
9728
2699
2262
6925
7332
3117
2673
4239
5859
4892
5340
2693
1899
2757
3218
1452
31
5649
9479
7410
9041
4269
2609
8781
6181
186
8849
5001
2596
6196
2154
7326
4295
6413
2478
1777
4859
500
3644
9354
9705
8305
8164
7533
6635
8095
3148
2204
9943
8569
3971
6630
1446
7510
9561
2061
570
6350
2050
7084
6128
3084
2543
4542
1705
3243
6293
4844
848
3098
2141
3747
2001
6406
639
6926
5824
5657
9245
4595
3354
9901
1262
246
1964
3406
7736
9571
3988
3708
9154
9008
5819
93
175
8155
5936
8505
5068
8712
9894
5124
9373
1639
2407
5820
7621
7129
3848
8392
6963
5798
8667
5555
5270
7969
6567
3754
7068
2579
15
6869
5976
948
9357
1107
7627
1360
9419
9541
295
9597
9257
3252
5351
1102
7557
9484
8461
9076
1110
3907
4674
473
1026
1804
9656
2448
196
7389
6279
5377
7937
6379
4726
6940
3882
1402
2416
3792
4814
206
1436
2715
5000
6551
9264
2811
2900
399
359
1024
3039
2334
2260
4485
2517
6607
953
1653