3888
919
2435
2882
1560
1441
1591
2360
288
3654
754
494
1782
2235
1011
1345
3713
595
2488
1664
846
1045
1104
64
1802
2352
811
985
3365
1477
1852
1268
420
2047
2107
268
1388
400
3644
1037
796
3251
2536
304
870
2496
2853
706
2505
155
106
3677
1904
887
3970
3380
1703
3653
2708
466
2101
2145
3510
2086
956
3269
2641
1950
1669
3309
1662
2647
2707
2411
3219
531
2381
3679
3937
2046
149
2125
3788
1745
2045
1657
1580
240
1521
1872
1909
1582
3723
2409
3947
547
3440
1738
1527
8
348
1628
3964
1395
1076
316
140
3742
485
170
3790
1147
180
3022
3109
3019
425
2813
1044
32
1165
1964
3287
929
3784
1863
3818
2756
598
2135
748
1426
2590
3486
376
3588
3462
3106
2065
3810
2532
3809
1093
904
1077
163
143
2807
2782
2067
79
637
3805
1148
2662
2622
1666
562
3502
1676
3807
3250
941
2957
3736
2642
3044
3898
2852
165
3684
3983
964
3590
2769
835
1020
1680
456
1966
3715
1750
2887
1079
1924
3650
1095
3071
2578
2720
3935
3794
729
722
34
1756
1472
329
885
360
877
596
686
3631
2768
3133
1017
1718
3916
621
50
1619
2937
2822
312
1913
361
3087
981
3317
2789
2503
2475
685
1306
838
1354
2336
3777
3178
1231
517
901
3763
3601
1341
3345
3581
1344
897
2459
255
782
356
645
3023
2201
3593
281
3649
1761
506
1480
1621
857
1463
1693
2187
3179
648
1922
781
3949
1019
1356
1690
1340
1189
858
524
1198
3608
704
2645
3418
995
164
788
437
3755
2402
1517
3834
832
88
3228
1719
243
2891
516
325
1594
1304
222
3961
1432
3114
1725
991
760
1193
58
1616
3425
3196
813
3852
2980
3340
3929
3878
3782
2231
2604
3153
2070
3097
3596
1481
1845
1245
3938
203
1545
2723
3577
1953
2129
3984
641
1450
497
2110
1053
2399
3879
1196
3738
2530
3220
899
3789
3409
2589
28
3622
3266
2479
1692
1219
3483
798
1529
2628
76
463
2366
3620
1575
3623
2620
1415
1485
608
470
1751
2371
701
3913
1379
1525
2786
2127
703
1259
2599
2821
2005
3479
3621
1031
159
3673
2121
715
3853
2182
3464
336
2383
2624
3156
597
1183
1166
1540
3855
3933
2719
1839
2897
1941
86
2718
3406
3718
343
2858
3670
2432
3468
3074
127
998
2446
1810
1229
3247
889
847
570
3375
3787
1970
3959
1409
3813
2248
3224
3833
1841
854
2881
1172
3190
2380
2267
2824
156
1141
1505
605
2342
1070
718
3946
308
3139
993
1934
5
747
1649
1530
254
3910
2565
495
580
2803
1342
2389
3012
1399
2074
1777
1949
196
3170
369
2543
3313
828
593
1724
511
1557
346
3289
2002
684
1977
768
3026
2061
3500
3404
2423
21
2450
2958
191
311
1324
1003
818
1598
2291
3891
3699
3472
830
2280
367
795
2517
1743
2951
3444
1276
3301
1733
679
2497
1033
975
2777
2134
1060
3714
3708
3614
3881
77
2143
3492
727
2629
528
2278
2172
3491
2331
2977
3416
4
1398
3664
989
2091
2944
3802
3874
3603
2972
1039
2044
2570
3351
2076
1514
2668
1932
3840
3977
3370
3134
2975
1592
3243
2014
3532
2056
2063
178
435
2941
1988
1720
2038
3829
3206
960
3811
3151
2080
296
257
2519
2177
2473
443
2362
1023
1106
2210
2128
3415
973
2414
231
1078
3234
871
2161
1714
449
2357
1791
1087
3396
1321
1096
3841
2096
1579
321
3093
3166
2524
3059
2321
3414
807
1170
1646
1562
3060
2726
403
406
1969
1620
817
1188
884
207
3368
2233
2192
3152
542
1114
3131
3873
2268
2476
365
712
2442
3094
843
1888
2817
1320
961
62
1464
1729
2751
1048
2918
1783
537
3559
3433
2482
514
2610
1829
2239
3488
455
234
3126
412
3762
3962
1757
1871
815
3797
330
1772
3674
619
491
2704
2288
692
2112
3411
392
1503
3436
3149
3729
3424
1008
1923
3568
3443
3072
3319
1991
80
1968
332
2298
3750
3824
2173
2955
2015
3466
1820
294
3364
1105
3181
3091
735
2709
2292
850
1232
1043
3522
1948
1875
2637
510
826
484
306
917
1889
3778
895
1275
1865
2413
3663
338
1240
1700
2077
946
7
585
521
1302
1386
1479
210
3909
489
2490
2830
2174
183
2237
3212
966
1541
2082
3029
790
1010
3067
51
2412
709
1361
1015
3918
1752
809
1679
2873
2506
1184
749
1915
617
746
551
3135
355
3168
971
2223
1291
1042
3347
1885
2660
2170
1216
2737
1329
2391
2682
3917
2781
1793
801
2358
3607
3049
2009
2168
3113
690
2930
2916
953
3753
2735
2733
3180
2999
2055
1179
378
1129
2214
2846
3242
1588
719
3953
3867
2712
1901
3225
3344
3875
544
3260
1765
3461
476
2347
2037
1295
161
453
2602
90
2208
465
1236
3449
1880
3613
806
2398
1636
3275
573
1013
3457
2585
272
972
3733
228
1550
3751
3054
3209
2964
3882
1365
3980
3583
1174
2911
3069
3314
1103
102
1998
303
2936
3252
2779
849
431
2041
632
554
411
1389
2623
3722
1253
3535
391
261
460
717
1769
1153
1027
2826
2521
16
2186
3662
1436
1335
1402
3489
3079
1800
1467
3770
2425
1468
1786
576
1784
1348
2920
1753
3698
3780
3342
1850
2075
2048
2207
2582
784
2984
2032
2353
886
1910
582
3804
1424
53
3626
1990
622
3451
2724
1785
2426
1661
1197
2485
2245
252
3465
1301
1173
2319
3329
341
2586
3361
1625
3453
983
2053
1660
3991
3832
347
383
1563
2215
2722
1823
1781
1492
1136
26
3999
2296
2747
1570
2332
1102
3080
3940
486
3529
3772
1491
1973
1151
3119
1057
2627
721
278
493
2119
1874
945
1288
1704
1297
324
579
2932
1025
2314
1689
3388
3746
504
1163
458
834
3066
1519
3870
1094
3082
2427
3645
2987
992
3193
3516
3124
1637
358
2758
377
3047
3038
3200
2670
676
3920
1171
3147
3245
2630
105
2492
3712
1938
873
3035
145
327
2778
2498
3129
264
1658
903
22
1442
3101
1926
3872
1816
2528
2600
1296
2695
630
39
2507
2270
251
1457
141
2049
1072
2184
1164
2193
1958
277
2872
810
1935
1277
1405
2123
890
3520
238
3823
67
1210
2137
162
206
1716
3158
3908
2550
1870
1285
3519
651
381
1465
604
226
3542
627
274
15
1644
3820
3633
2843
2764
3671
1709
390
2775
3533
3062
915
2499
3565
1727
3303
3273
2646
2746
1854
1047
2238
696
1537
1584
2470
2158
1292
2742
1960
3934
1350
3264
3021
2657
3318
2036
1249
1976
2392
2456
3105
3090
2573
1137
1322
414
1778
1905
3987
3455
2531
2560
2151
1559
1528
880
1237
1269
317
1803
3146
1608
502
407
197
556
3815
3598
743
2156
2983
2802
3104
374
373
1705
388
708
2731
1213
2990
1459
385
3485
1280
2212
3904
658
2341
1257
44
2579
3979
2927
3737
3006
1073
1629
1811
2241
2113
688
3752
366
2563
545
1573
2848
1274
2421
1627
3517
2526
1899
731
3572
674
2931
3928
550
1224
772
2109
1691
3048
3173
1034
1418
134
2879
3819
2844
2689
2323
3304
1059
2548
1333
786
3143
2028
1768
3756
2671
2464
1672
3706
1228
150
342
3817
3945
1206
1884
2701
2281
1585
1638
762
1262
423
1855
438
112
3556
1475
1061
1792
1523
2929
814
394
2483
315
2766
2997
1487
1343
225
3192
3481
1984
3773
1993
2801
218
1128
2017
1168
1392
3848
3886
1731
91
2561
3943
1227
3531
3552
2139
3076
1113
3316
3682
2926
1352
3806
3907
3157
2095
763
1897
2636
3108
3397
3290
1117
3743
3353
3509
851
1773
1
1701
117
1124
848
3438
94
2051
184
3475
1937
1995
1667
3077
936
2255
249
2976
1088
1564
1406
2823
3985
2850
2289
154
2991
2504
921
270
896
382
1127
2680
923
1822
3016
2633
3765
2059
3255
2875
2859
3939
2580
195
1316
1007
3860
2305
2943
3637
1630
2090
1109
3216
1622
1544
337
1086
3636
2487
130
3548
1056
2547
2220
2772
320
1032
2776
1261
773
301
2202
1569
3413
3025
217
2367
2153
3950
543
2333
3989
1504
1346
594
1083
2465
918
2376
271
2654
244
1328
1001
2557
283
1533
263
2438
1271
1484
3632
393
1828
3821
1789
970
1451
2760
2616
787
1983
3401
1758
3308
723
2788
1336
638
1201
424
2971
2226
876
1868
1925
1524
844
2205
2651
481
1737
3306
1879
2394
2512
3721
1066
3501
1626
2783
1435
3031
3198
2105
860
1509
2374
3849
1918
3278
925
2655
3223
3369
2306
3140
2739
441
2179
3896
994
2073
128
1572
535
359
856
2540
952
1767
118
3176
2484
2912
931
2514
3456
2345
1507
132
3028
2820
47
2272
2913
482
2200
3393
3144
3897
791
2939
1766
3162
1698
1759
2534
1954
2441
2165
2118
2934
3513
2150
2838
2227
937
1702
2131
1712
3884
3578
49
558
188
432
1551
902
3912
1842
3357
1506
3657
3431
681
3376
2436
1978
869
3566
417
1542
3843
1610
1283
3494
1284
1050
2896
3703
1796
3118
518
1326
541
2211
1016
3320
487
3642
3643
3164
2864
2877
3993
2894
2199
2626
1181
1433
3616
3279
1036
909
3421
3690
462
2027
1469
2816
3791
578
41
3
3281
3697
2863
1614
1674
1794
1688
104
2889
2996
2703
1068
1815
1490
775
3919
3830
683
1483
1327
309
447
3702
1986
2935
3892
3825
855
914
498
2437
3968
2303
2516
2286
464
3271
113
259
2914
538
2607
3534
2933
285
46
3880
657
3280
2811
812
3592
2774
256
3838
3582
422
2328
241
3927
2773
1471
3379
2922
1355
2993
1715
499
1908
1443
1158
1458
1190
2849
1381
3553
344
3092
2886
291
1831
2717
2491
1362
1401
3905
13
3027
2338
2418
187
2251
1771
1641
307
3741
2625
2800
3259
3550
3003
1239
2535
1896
3078
2591
770
2395
1668
2277
3183
2902
2729
3668
1801
48
2327
459
2466
1502
898
166
78
957
2556
3098
2
3748
633
583
3498
138
1107
2261
2744
258
2444
1390
733
2520
2981
2759
710
1140
769
2335
3580
962
362
702
3660
1439
401
2952
503
2126
2197
2329
2549
27
1307
1290
3854
1055
509
2815
1339
331
2618
335
1230
1378
3383
1951
2677
740
1534
3171
2640
1798
3624
2138
808
3058
2166
2011
1429
928
1665
2148
3381
1308
655
467
3191
3222
3426
1577
3558
357
1108
38
1684
3030
532
3454
1097
1111
2998
2508
1699
922
2834
92
1303
3473
2862
2667
3175
1587
3263
2994
1615
3537
1049
3724
618
2982
3248
3925
569
3460
2429
3976
2477
2068
984
3822
823
3720
1006
2359
3325
318
131
874
1100
194
179
479
2290
1681
2763
3120
3037
2924
2317
457
477
2221
1818
913
3932
1917
18
262
2761
3302
1755
3605
2219
724
3618
124
1919
1364
396
2346
1243
3951
1101
2919
3469
3024
167
1890
667
3869
3936
3808
1857
615
2386
3207
1278
3606
3890
2905
326
33
560
364
1332
410
1939
1456
2745
3836
305
2865
1989
2979
2614
1130
3931
3137
616
1833
694
2734
1080
3812
1444
3562
643
3704
2062
3691
439
3639
2725
2194
2164
1967
354
1244
2094
1423
3081
3463
1486
3647
2311
2738
3735
3254
1018
3478
3420
534
2100
3410
430
646
1234
1656
408
3442
2461
2348
2417
3995
3350
2648
2888
1054
2244
1600
2949
963
3238
1254
2967
1294
1907
24
1531
1030
3141
3538
2750
892
3136
1363
2039
3611
3036
693
173
1602
978
2147
2116
1200
2159
60
229
2361
2377
3901
3536
1353
1959
1788
3394
2040
3926
2259
1832
1955
1814
3374
3194
2262
559
2545
533
3604
3244
448
3990
416
3033
340
3586
1944
536
1264
3211
1131
3814
1706
1962
1371
2140
3398
3851
2666
529
947
3116
2562
1999
3432
2986
2661
3972
2495
3640
2155
552
3160
3924
1611
1834
934
2808
2293
314
2749
2721
1064
2316
2169
2634
2393
793
2085
3115
2364
2601
3293
444
1026
1520
3567
990
2541
293
1241
1912
3075
1996
2198
612
1844
483
2043
3680
2554
1682
1952
1552
1134
1374
1146
2023
1452
151
1359
3914
3130
230
3760
867
3337
2066
1446
3711
2265
2895
223
2509
471
1936
3268
1161
3969
3754
2180
3384
1024
208
3921
805
2405
3399
705
3844
2287
3539
70
1835
3571
951
3835
1708
1462
126
1797
434
2058
1300
1430
1407
620
607
1115
3575
1194
3856
3982
1817
2026
3356
588
3169
3758
3065
2714
3419
2795
3476
3405
2213
1655
3744
955
2715
3597
2963
3218
2836
912
1728
2812
567
3063
3857
3005
1601
3894
1156
3358
3294
2683
2529
2837
3861
236
2501
81
2351
1902
2658
3507
43
75
384
121
419
820
119
446
833
3450
3619
83
2350
122
1233
967
1882
3779
100
736
2400
1813
1495
785
488
2301
839
2883
395
59
2372
3955
2527
1466
1659
2510
852
3001
3930
624
182
1152
428
3965
3518
3387
3885
2743
2225
816
1035
3911
587
959
99
1694
1508
3563
2706
345
2603
3262
2558
1238
1539
663
474
2593
512
3828
1144
3402
2559
1427
2829
1956
209
1516
948
3883
1578
3013
3312
1298
3726
1383
2088
1155
245
2382
1255
1806
1149
563
2460
668
1366
3161
1217
109
65
932
794
756
3954
3960
2083
2363
2254
1866
3015
2678
930
2569
202
3630
3774
1214
3052
137
2000
2428
1532
1992
3634
1177
642
2691
776
2832
189
397
519
2334
3188
3504
664
2728
1518
1906
3666
2052
1403
666
2379
1617
755
3267
2842
190
3032
2271
2665
472
3656
968
2079
3231
1315
1360
3423
1122
2909
1861
1916
3727
2108
3448
3258
3127
610
2568
3792
2790
2142
1843
2961
2443
2013
2810
3992
3125
673
353
2856
107
883
1242
2995
1961
2034
3291
1182
713
3700
757
3786
629
875
553
3366
2870
181
1408
297
868
2472
1421
2486
660
3864
3638
2502
2163
894
2757
1764
2285
3187
2954
523
3981
2767
2339
153
2195
3941
3734
3184
3681
2004
2439
2309
745
237
2419
96
1837
1169
1963
69
1985
2071
2581
680
1286
2102
837
3686
239
3285
3002
3441
3373
248
220
160
1299
3471
1145
878
744
3172
1180
861
3651
3330
1331
398
1900
111
2755
2178
287
1449
3589
2805
2594
1396
1512
2921
1561
1199
4000
3628
3557
2710
2915
1576
3236
450
193
2740
3427
3574
689
351
2574
750
3221
3186
3785
1997
2693
1488
2349
2950
1367
1790
1369
1987
95
2674
3272
1391
433
152
2388
2798
2302
212
2664
3046
1110
1776
1273
2946
2458
3996
20
2676
2294
3717
280
3551
2453
565
3966
1568
2681
987
3609
2243
3241
2016
136
2771
3526
1526
977
1138
1642
1058
1808
3217
3300
1825
2375
440
940
2228
56
333
3039
986
3490
753
3599
2188
3360
3730
2204
1824
974
2947
3958
2857
3862
3327
2839
1645
1414
625
2295
3859
3902
3477
1741
3803
783
1965
1639
1370
1556
2256
2390
2224
1809
404
3474
3974
3655
2515
2246
2008
292
1554
371
3942
2006
175
2120
3795
1979
319
3447
623
2669
2050
2266
1267
1028
1143
766
2892
1589
3659
380
1736
797
3112
1853
1226
2978
475
1722
3505
1775
174
2167
2518
738
227
3227
522
2365
2871
2370
2315
979
3240
678
1623
1647
1250
3549
3084
900
2890
3683
935
1493
372
505
42
1438
1081
1740
2154
14
2042
3011
2702
2716
1763
3540
133
282
2639
600
3110
2635
737
2111
1631
2229
147
1675
1473
3270
2874
1162
2468
1012
405
1586
3202
2697
98
1869
177
2855
2869
232
2613
2467
2330
1891
508
2307
1747
3010
3676
157
3652
557
1176
3446
3246
2606
920
2809
1281
2576
3332
352
2124
1092
2923
2663
3837
1543
3900
2893
2478
1085
82
3877
3226
1293
2247
546
1867
1565
2410
55
1075
1404
2684
1349
2106
1220
300
89
1160
35
1040
2097
507
3831
3701
1204
631
3403
1123
3324
2632
1858
761
2537
2868
1583
1593
3056
601
1780
2797
2730
11
1478
1022
2621
2253
1191
1428
413
2114
3740
3315
2566
939
2264
2385
213
1943
3386
2825
2093
3284
2356
3412
1735
609
3000
555
87
3083
1898
389
2732
3185
1041
2230
2595
2084
824
2969
1195
2988
3641
3776
108
298
2598
3349
1498
1112
2699
3839
1376
1911
2605
3948
988
2404
3307
3295
139
561
3107
169
421
1928
2318
2690
942
1851
1805
2597
584
3298
1000
3346
2252
800
224
911
3615
2162
200
2337
2401
3437
3889
2010
1548
3827
2160
3232
501
429
3371
2171
549
2650
675
2500
3043
2054
3103
3095
219
2320
2884
1121
3612
3685
2130
669
158
765
2308
1840
1251
3261
2373
1069
3333
2687
3675
1248
599
1394
2249
2904
2544
3086
2447
3229
2445
3587
3014
2424
2064
1437
2522
52
1695
2454
2840
2003
1135
3707
752
3923
1120
1074
938
691
2753
313
1431
3203
2430
3978
2644
1289
3661
172
1002
1742
3524
2324
260
2900
1265
3512
2236
1821
216
61
1604
192
1397
198
2103
3496
253
3123
3004
123
2587
2078
845
2845
1082
3213
2511
2007
2552
1411
965
3719
1762
3099
1713
215
513
859
2480
3687
1496
2092
3845
3310
1633
2659
944
3338
2396
1697
3445
23
3584
996
2420
328
1014
698
1877
3233
478
246
3470
379
19
3249
1157
3554
1513
804
924
3952
3335
2970
3766
387
3689
1981
2232
1416
3102
3998
1787
1380
2387
3355
1942
2906
881
1474
1881
2408
265
3215
2149
1624
2854
3547
3846
3197
3667
323
1893
2917
741
539
3493
525
2144
672
882
1325
2962
1185
2494
168
2672
3800
606
711
3591
1337
2653
3971
2451
1927
1795
3051
1038
2791
2340
3761
1749
3514
636
707
2752
2325
863
3053
3739
2354
185
2022
652
2012
526
1489
3150
1454
242
1413
3189
3117
1375
1774
2279
2551
3816
732
2899
927
1387
1338
2928
2948
3297
1202
2652
653
742
2736
3511
2115
2711
1687
1208
1862
3499
2867
2553
3341
290
695
3088
415
3506
907
3205
2136
1434
1150
3617
2257
3895
3956
1807
2973
2609
1613
1812
841
1744
2260
37
1522
2250
1222
1590
3159
235
906
1447
614
2898
950
2018
3322
2310
566
3696
644
2804
3725
3434
3528
2880
1994
1975
697
1494
2588
3798
2539
1838
3282
730
3165
1099
2431
2533
3757
1878
1779
2575
84
3328
3467
1052
879
2284
2369
3555
114
1567
461
1930
1154
142
2218
1029
3334
2141
2313
1417
3055
3903
1748
3627
1178
1883
1536
3523
2133
3407
2814
949
120
1256
3050
350
2617
2152
3237
1635
2406
3042
1221
1876
1710
1377
302
1425
1312
1499
275
789
2754
751
71
1211
3693
626
1126
3230
2433
339
2343
1501
2024
3321
792
2612
2885
1400
3210
2966
2273
1358
1549
1305
1847
2959
3915
3716
1846
3257
1634
2216
57
720
1005
480
2434
3121
1192
548
3569
2275
682
399
3527
767
3482
2269
3922
10
17
3957
778
571
442
349
103
2057
409
1653
289
803
2546
3276
3352
199
1067
1455
3382
2191
564
865
575
1318
2876
613
1330
375
2175
2452
2787
1500
2189
2938
3672
1799
1581
802
3688
2029
2679
3544
1546
3521
1654
3826
2818
759
211
3546
1071
1770
2020
3195
1515
728
85
2176
146
739
3530
2322
1946
647
2033
451
1410
891
2878
1860
829
1886
40
574
2903
958
1125
3208
671
233
2525
3061
2727
602
2748
74
3842
910
1974
3385
3783
1887
110
3235
1051
1671
1721
3570
1046
1260
45
3545
1323
334
1139
3111
1663
864
402
2965
2122
3764
1632
520
1914
976
3326
31
2098
872
3138
1347
2615
700
1673
204
267
3283
3484
1263
2833
2571
2415
589
1209
1419
1090
1612
2469
2851
3277
1848
3299
1864
116
3064
1558
3694
3007
3428
1859
492
726
3239
764
2283
2608
3695
2513
540
2555
1538
2584
2841
1711
2799
2847
3348
2611
2974
2794
3177
3658
3155
284
2072
2686
2489
500
634
2619
1836
3265
3422
3732
2806
1931
2185
2407
1606
2577
3692
3731
670
2592
247
2035
3034
2416
822
1945
3543
2457
1717
286
3503
2953
1215
1652
3017
2940
2866
1218
1903
2631
1510
2643
926
862
2276
2069
3362
1849
1357
982
1856
115
1476
269
1461
171
1385
1310
3148
2449
276
3199
3089
639
3417
2596
3986
426
840
2146
2471
2968
469
2481
496
1599
1596
2945
3408
3057
1246
1445
3390
3343
1609
3458
825
1819
266
677
3435
12
3336
3541
3709
3487
3163
1980
3201
2819
2234
1225
452
3573
1258
3997
2698
3286
3602
603
2021
1319
1827
2183
3142
1894
1205
2785
893
3710
2989
758
3594
1670
866
771
3274
1270
2378
3801
30
1677
3430
1650
3253
101
1287
1571
1063
3868
3323
3600
779
1482
2240
125
3648
1142
3041
2157
3858
3579
2542
1351
2274
1640
933
2448
1940
1971
3214
3377
1084
3459
9
1207
3973
2673
954
1648
3635
1186
3749
853
427
93
3068
1309
1065
3354
725
2081
662
3646
29
699
3339
3020
3759
490
2792
1062
54
1643
221
436
176
3040
716
3429
2196
2956
473
3975
1252
611
1739
774
2209
3963
2455
3893
2696
1470
1373
2206
3132
568
3363
1272
1420
777
1393
3070
1760
2222
1929
3256
205
6
368
3359
3372
63
2019
3096
3988
3994
1566
3378
2030
3665
654
2326
2910
980
1707
3311
3595
3400
1313
592
3564
3793
665
1279
2258
2649
2282
831
1159
1382
1535
1453
2538
1754
148
3204
2025
2462
628
2985
386
2089
3678
2001
1873
3944
1212
418
129
1175
3305
572
2564
3497
2031
577
3769
3167
1826
2835
3331
3085
2355
1187
3576
1597
2860
201
2992
997
1009
2440
3669
659
1098
2572
714
827
1595
799
1892
3625
836
299
3288
687
2087
2638
640
1555
3045
1982
3515
3508
1607
2060
734
1686
1132
2784
2675
1734
2694
3781
2828
1412
3525
1091
661
3073
3018
1089
581
1372
1247
3439
3392
250
1004
3145
1723
649
1203
3395
3771
3747
3292
1651
2203
2493
72
3452
3866
1317
842
3850
2780
1921
1685
2368
454
1933
3561
2583
2297
1282
916
1384
3863
2403
3174
1947
3705
590
2099
2656
527
3629
1440
1497
3906
2685
1957
821
273
656
73
2901
2523
97
3871
2765
2344
1021
2463
908
310
144
2692
969
1460
3847
1804
2190
635
2713
2397
25
1223
3391
2705
3008
1618
1603
2793
3799
1167
3122
68
2117
1118
3768
530
3796
1605
3585
3389
1972
3865
2422
2688
2831
943
3767
3367
1547
468
1133
135
3899
279
1746
3745
370
1311
3154
322
2181
1830
1678
3610
3876
1920
66
3009
780
2942
2312
1368
3480
819
363
3967
1895
1314
214
1726
650
2770
888
2567
2217
1334
2474
1574
2132
3887
1696
1683
3728
591
3560
3100
2908
2700
2304
2299
3182
905
3296
1116
2762
2960
515
1511
295
2827
2263
3128
2242
1422
3495
1448
999
2925
2907
2861
186
445
2741
1119
36
2796
3775
1732
2104
1730
2300
2384
1553
586
1266
1235