229
4511
2497
167
2188
964
1465
722
1521
665
2097
1395
1346
4516
2081
4877
1922
4996
685
79
2651
114
3869
4919
3296
3118
4664
4322
739
2949
3533
996
51
1429
4569
2276
1530
574
3020
1305
3910
542
1633
3624
1021
2417
4227
621
481
3137
1891
2477
3202
3921
3746
3676
4881
907
1601
4166
376
2343
1475
3675
1611
3993
1462
4706
753
2273
2114
1102
3463
2874
1445
495
2590
221
80
4061
1899
4599
310
3886
913
1006
3640
955
1991
3374
3332
3383
3467
3269
1925
1628
215
2204
3356
1799
4510
3984
3024
4992
1215
4805
3849
4876
511
3888
2981
908
263
1845
2030
90
112
1020
697
4904
4046
612
2458
4370
2040
2768
3521
3004
3027
4942
4037
3056
3577
4553
4488
2321
4984
1693
2882
2148
2494
1632
3833
3302
3460
3253
2938
429
615
1132
3641
2328
1867
2745
559
827
3934
1929
4503
3207
3223
4384
1266
1850
3502
1185
1957
4119
4450
3603
2782
1783
4551
2781
2589
2747
3558
357
2729
2071
992
3661
4482
2869
2637
2031
1307
3517
945
4109
1299
1785
4716
2344
1246
3413
3236
1179
3499
3113
1825
655
4972
2627
4464
3931
2016
1579
890
593
3194
3952
3607
4236
2339
2190
761
1002
108
2091
4868
2718
4771
2110
1186
208
1525
1035
4746
4392
3946
1989
3625
4383
312
553
1495
295
1815
2356
1355
4907
2725
4637
3225
632
681
461
3005
2592
2623
4253
4666
2844
1953
2180
856
2013
1729
1416
1848
971
838
4988
268
711
2690
2157
2639
4035
578
3588
747
161
3937
17
1487
192
1589
4135
1965
2810
4726
1225
428
4163
1843
1831
137
4710
1581
2576
3233
2258
4101
3576
3709
3187
3480
554
21
4540
2588
2683
420
1861
2672
1274
2364
3188
3556
679
4216
2774
1647
1380
2026
1565
2522
1677
789
3784
368
4528
3821
3498
4076
117
494
4926
3566
3845
2181
2689
1959
1427
3239
4882
1115
1432
149
4030
657
3023
223
4678
2453
1411
2298
3484
1865
2347
3468
3047
2927
4918
4396
3618
1631
4259
1283
3176
4280
1324
4281
858
3891
2558
1868
2784
1319
900
2185
3122
1149
981
1772
1964
2599
1678
2272
3232
3519
3877
1117
4749
2242
4902
2370
3265
4245
3251
1657
582
1984
2939
4252
2281
2075
5000
4632
4674
3873
1381
23
928
440
3249
2491
3361
501
2220
4524
34
1966
1193
2877
2849
3145
2378
923
1911
2680
2459
158
1720
897
120
4189
2879
30
4982
1782
3316
3476
4889
4446
4129
1519
3009
4349
1155
2225
4365
3638
2601
4745
929
4300
447
3075
87
4844
2362
1192
1970
639
628
4896
3654
1189
3761
4156
724
1718
640
4485
1248
2791
1009
2342
3835
2323
4588
329
1471
4531
4705
32
214
2450
1351
1907
3330
153
3123
3850
2375
486
3758
3801
1671
3947
185
3141
4395
132
2890
2208
1001
3942
1887
3364
1805
2209
3124
4354
1732
4169
1022
3829
4671
2730
1563
4845
1203
4377
4447
2255
2574
4173
3650
237
1559
3133
1902
2946
664
4756
1466
771
3434
3057
1778
2035
1986
2827
359
1458
2728
1874
2493
727
1592
4909
1532
572
2911
2644
2046
3192
4866
2754
1477
27
3099
1137
1814
1110
504
4582
1886
3229
1624
3966
3715
2034
4155
2253
3812
3398
4898
1025
4044
1158
3279
2087
1851
3513
951
2906
1036
2029
4679
246
2333
2006
354
362
3018
3504
2033
2534
1227
2395
1228
2444
4228
944
4407
4174
4603
48
2983
3305
2715
4233
2232
886
2902
4247
705
881
779
1602
4423
2193
3299
3663
4687
66
135
418
1622
4425
2285
3536
1725
2316
1517
4347
4058
610
2337
305
2054
1690
690
2210
3664
4059
1885
2178
1627
4084
1261
170
2552
1204
2976
2379
1097
4160
1717
2451
2803
1905
2717
3651
4080
3121
3130
2222
1879
878
4797
3471
4670
3475
3879
2926
2992
4128
3114
3290
196
1118
3716
3546
2382
956
709
4437
3
2024
1288
3656
4986
1811
4550
426
52
358
4607
2403
2962
389
4757
1088
2979
3285
915
937
3438
3325
4875
4661
1808
3266
4484
3748
2475
2997
2070
4368
4689
2614
3033
2915
2374
1306
3525
3096
4360
889
489
4522
3408
3575
3111
388
4490
1807
3944
4601
2368
2263
1375
224
3916
617
3803
1060
1013
3382
2049
462
1552
2166
1961
4933
1788
3270
1518
378
3896
2924
587
3139
3727
4441
3957
1862
72
1712
3503
292
2262
1260
3369
4541
2135
2405
1691
4997
1069
4744
3846
2673
4589
1881
651
682
1684
3234
330
760
4381
2295
1951
1114
3747
4841
4629
3965
1486
3209
3022
507
2602
3082
4310
4064
424
2557
4593
4994
906
2460
4809
2099
4276
4814
732
2485
2346
205
1281
1289
3155
4094
140
2542
2912
3805
4970
534
4824
1980
2675
3343
537
1442
363
3529
2792
1743
860
3039
2426
3735
4937
4178
3729
4981
1763
110
4186
414
4100
2357
1591
3488
3694
4760
2712
3306
4555
243
4120
1239
444
4397
4776
454
1897
3707
4893
4628
3549
4093
2982
1300
2383
1883
3351
4085
2448
4973
3087
2067
1139
4112
3626
2582
2441
3401
4730
2629
2499
2933
924
3631
4330
18
1142
2963
3261
2498
4294
801
2889
2214
1616
3610
1904
3836
216
3811
4157
1531
2953
788
3014
1934
4375
4894
4800
2737
597
1267
366
3445
183
4008
4198
3712
1510
517
322
1024
4032
164
1659
1047
2986
3623
2860
658
4204
4838
4803
980
1425
4951
1308
1058
4403
2853
4010
49
3976
4699
3834
2828
2297
2727
2840
941
3553
4967
2199
1935
1
3619
4956
2514
930
3295
4111
3898
4923
1859
2252
843
622
558
449
4373
4504
2423
2598
4693
3010
2239
2221
4700
2878
541
3288
2723
1183
4856
1287
4
3019
940
2920
385
2120
2414
4945
866
1613
302
171
1389
764
1515
1376
1049
2314
4865
1564
1373
2437
4888
1039
1776
3262
592
3744
4879
744
3908
4214
4400
4110
1291
529
1398
1206
3298
586
3144
410
3992
4087
2077
2452
4311
1166
3479
3177
2194
1663
3890
2619
1100
62
4673
225
360
4655
2556
2899
2545
2479
966
4576
4362
4534
1605
1795
3222
4681
4621
133
1460
1144
3578
2900
3899
485
4685
2429
3406
1574
2154
3452
182
3998
3368
1749
3031
556
3422
688
568
518
3492
2579
4878
317
2147
909
3630
3940
1667
3867
4286
2772
1046
3331
2163
1946
3098
3080
3790
3116
927
371
2438
1010
3889
498
374
4605
4262
152
2719
752
445
101
797
2753
3077
3573
1064
2578
2355
2300
1028
591
1023
4317
3432
3544
1443
3883
98
1806
2834
846
623
2338
1241
1523
4595
2257
4791
2613
1105
2041
2205
4051
3832
4507
2464
76
369
979
3938
2967
3637
1947
3970
613
2735
1231
3847
448
3611
267
2660
4961
799
4493
1341
972
999
4620
836
4930
1680
332
4644
620
2585
4050
458
2720
3237
3448
490
2964
777
2036
969
3520
571
4083
4584
492
2143
301
701
2084
1670
4499
2786
3442
2129
3322
1748
57
383
4154
4341
521
3840
3602
2538
4648
4261
70
4468
4574
4738
3824
864
3352
3848
3449
197
1812
1731
282
4075
1540
4180
4340
4388
1575
2496
1063
2885
957
3583
548
3858
1507
4506
4600
1982
875
2988
4833
3720
1928
3289
4179
3224
1075
341
4230
726
4134
1836
4193
3989
3792
2009
1607
2771
935
2886
425
3665
3678
1390
4201
2059
3700
333
1153
1823
1600
3258
4842
508
2416
1998
3108
3456
4410
3838
4306
4337
2696
515
2025
3011
2826
188
1956
1415
4432
2758
1672
4138
2296
706
1055
4885
2710
3447
893
791
3151
3690
2948
725
2161
2424
2960
781
590
1512
635
3548
1535
3997
807
1103
3542
2330
1413
4570
3407
1296
2645
891
1710
35
831
2446
1336
4974
1071
4282
1893
3203
1161
4477
3472
1255
1184
4019
1621
3167
633
2167
2520
4686
1414
4029
1796
411
2380
3662
3917
2881
2856
4292
1479
2388
2531
4249
1428
209
2269
8
772
3911
1556
97
4560
795
1803
4150
4329
4357
2775
2125
1257
3943
3570
113
36
2113
3909
313
4288
1145
181
2389
4722
1391
286
1134
2518
1939
4737
4641
232
4887
4168
3185
708
4587
1730
2372
2638
2804
3780
4832
3977
1514
2055
3852
594
4167
1857
2017
3692
3621
721
1855
719
99
3320
2213
3732
2482
1820
4530
2158
2617
4106
4000
894
965
1251
2611
2196
718
4185
1930
3590
960
1226
1077
3367
204
3315
2487
1869
3632
3874
4774
3959
2850
1480
3045
3540
2662
4001
673
1262
2174
2133
4222
3494
1111
1337
847
1301
3355
1419
3437
2955
4552
3634
4523
758
3837
4041
1297
1921
127
2621
938
4133
2975
4086
1200
343
89
4099
4022
2182
2313
2732
3659
694
526
2238
4451
3731
1960
2317
291
1056
4711
3924
3199
833
464
142
4343
3423
4905
1325
4829
4344
2456
4336
3705
3704
3314
829
3083
4486
1594
2770
1779
2742
1276
993
3816
1711
3599
1990
2058
4627
3163
3500
3064
3680
1637
1347
169
3876
1481
4361
3914
4703
126
1860
4147
4702
3796
954
1761
173
4808
3574
361
756
1994
1033
379
37
1739
143
1235
3396
109
876
1463
1470
1120
2546
4328
2655
4880
3545
460
870
3455
2386
1948
2351
124
2677
716
4338
4231
2633
975
2751
2373
1135
488
1844
4217
1809
3115
895
914
4964
2217
4568
4140
328
3345
2377
2704
4417
1979
2385
2022
4617
3530
3823
1220
3358
2162
3766
4435
2653
4399
4268
2897
2607
2290
3491
250
3941
3183
862
2080
2134
2470
4910
419
812
4657
3414
1635
4615
1007
1549
1252
602
2282
1410
3016
1478
1704
163
2814
4296
863
917
3379
1044
1339
2449
643
1604
3465
316
3190
3102
531
4538
974
871
1912
2096
3173
563
4142
4444
2681
3785
3346
3371
106
3614
338
2940
1686
4616
2123
729
2146
4006
19
3403
4692
704
4852
3042
714
1949
4953
4959
4424
3035
4563
853
3350
2327
2430
2394
2991
100
851
4334
3733
3622
859
1175
3859
4476
4152
4496
2796
4391
4478
1127
3721
2985
1420
2854
3184
3317
2593
2934
4121
997
3226
4573
2369
1625
381
3597
662
2172
2980
3860
850
4853
1238
3880
4495
2530
1133
2596
2936
4404
2769
2322
277
4031
4631
1032
3855
2293
1496
2700
4430
1952
1402
2082
387
3581
2744
523
3131
1066
1826
2108
877
3180
3204
3587
3789
606
2562
4938
3844
2763
828
790
3783
4053
4269
2921
1147
2749
2787
2428
1304
4270
4414
4782
4662
3627
1316
2741
3410
3304
296
1914
1368
4979
699
1714
4697
1721
4393
4843
712
1917
1656
3918
713
406
2793
3161
2010
337
3831
1643
3259
4184
4630
3967
3054
325
1062
1043
399
2301
2083
3386
1639
3814
4634
601
4899
3281
4963
4505
1216
3070
1819
4040
1084
2014
2121
2169
1665
3318
377
857
1849
4466
1546
2506
3427
1489
506
1191
71
912
2526
4562
40
1583
2115
1791
2866
533
1400
446
1675
4952
3995
3453
2523
3887
4650
1568
2799
3263
1818
2195
3751
3559
3103
415
1247
3866
436
4635
2367
307
3601
2928
1162
2862
4025
3063
3868
479
583
2390
3205
2872
4804
3674
4002
678
730
2089
2311
1593
2752
4063
476
1709
1870
4793
2822
710
4915
4285
3086
3807
4265
1981
3441
336
3287
287
4539
1873
3771
2358
1165
1801
4792
4626
320
4993
4927
1841
474
2492
2682
4727
2561
527
2101
3090
2678
4935
134
2275
4274
3968
422
926
1764
1011
4624
2694
2626
631
4834
4696
1636
3178
2951
1048
2780
4761
3091
3797
3412
4408
1130
1585
2427
733
2628
1406
4764
3741
1619
1026
762
3300
186
689
3516
4369
2904
4197
2132
3906
4721
2324
1838
765
4611
1121
189
111
3210
608
943
4077
3595
883
4102
737
723
1328
962
3000
2007
868
695
2201
823
2335
1780
2002
3127
2021
4683
545
278
1903
3089
4810
3411
4089
3724
222
4378
3507
4811
2666
2913
4335
43
3915
3319
4372
174
1313
2216
3668
1256
4968
294
2274
2045
4826
4978
3389
3260
2977
2063
3078
3378
2283
1793
4640
2112
2908
2392
4908
1424
459
119
2234
3893
661
93
1661
397
519
770
176
2670
4548
4073
2291
150
1618
4891
3901
2192
3699
3681
1293
372
4796
1322
2260
3172
1642
4171
1329
1374
1295
968
3593
3818
1596
3591
3580
2443
1152
1876
3878
2944
3960
1571
54
720
2109
1501
901
2215
703
3753
1634
1317
2480
194
994
364
2265
2331
2155
3900
3660
1233
4969
2365
4304
451
3067
4750
769
988
2309
4688
1074
3950
3820
4023
3939
693
672
4420
2037
2259
4912
3999
3034
1213
3097
3170
1586
321
3639
4921
768
2420
1332
2716
4033
3969
1713
3076
4780
3541
2573
4149
3582
2859
4934
1923
31
4758
1086
4364
2871
4315
4096
1040
2726
3691
2968
4517
3962
3564
1944
3081
4545
1626
3786
560
4470
2203
3119
3426
2929
1833
1309
45
2864
1832
1638
4307
1209
1640
3865
4954
4701
2015
3168
3276
1770
4313
4114
2289
884
1569
3454
2820
2819
3297
1298
3612
1802
3461
2478
4130
2907
4018
4597
4947
396
3571
642
2484
1434
3366
3825
536
348
2830
967
567
1195
148
3963
4474
2702
1878
2145
535
3277
4491
4747
4126
4443
1107
803
2636
4592
4895
1544
1526
2228
2266
986
3450
1131
3808
1834
2439
2722
3567
1106
155
4708
2141
1210
3935
1727
4151
235
4295
1194
3745
64
1157
4786
3864
104
1090
1597
4851
3515
1697
4578
3385
3979
53
3629
589
1159
2319
1603
3800
4549
3182
2501
144
65
4479
787
3936
668
4778
949
3228
1449
1018
1124
306
778
1294
4219
4352
885
1197
1019
2435
1696
933
4583
2020
1031
4239
3945
3424
543
450
441
647
118
2062
4733
3932
3539
2761
2463
844
4559
4382
298
1932
4039
2005
2018
2107
849
1551
4260
283
1180
3400
3685
905
750
561
566
1723
3988
2807
910
2294
4676
1140
2187
4196
4267
4494
2039
4519
1588
3129
4386
987
4658
1005
3560
984
3362
3303
4990
1655
2144
1502
156
293
226
861
2467
990
4088
1810
4256
630
2551
4872
1765
880
318
2836
238
818
2973
1372
3156
497
281
177
4489
1787
1954
2987
1034
4812
1208
1724
2993
116
3698
6
4718
4717
4208
187
3913
3353
13
162
2766
2958
1784
3927
1771
1645
394
4998
4218
2411
728
4897
3189
472
2092
1738
2743
3810
4301
1363
3107
2068
416
255
3117
821
1202
2560
581
94
2685
2074
4652
1694
3140
4398
4775
2184
1151
3554
2984
2620
15
4653
2875
2800
848
948
3271
433
2042
1567
2954
3267
3446
3933
2401
3772
4224
2533
1573
3768
231
4326
471
3749
3483
258
1541
1353
3841
3003
3600
3344
939
3025
1968
696
3781
2240
4849
2880
193
825
1422
59
4773
4622
1493
671
4966
1302
3337
2618
4416
3569
146
2698
3152
413
284
4715
4944
1716
4707
1999
4440
2947
4554
3598
11
2341
4428
637
2892
4172
4290
1360
4453
139
3951
598
3477
2669
4777
565
636
503
3769
3547
1570
4649
2412
2570
978
61
4067
2363
4273
3405
4714
1320
2555
3884
334
1646
297
4509
3755
3791
1476
1972
1407
2671
4579
3828
1978
2721
646
3283
2284
2815
4734
3328
2402
1128
2788
3543
457
3245
3701
1553
234
616
3928
1829
4536
1582
279
4027
1454
3695
431
1012
741
487
68
4911
1900
3334
3066
1377
1446
1497
2648
3563
1767
3458
4518
4769
1385
1369
2421
3215
934
3711
4741
2661
3132
3062
2359
684
2603
1249
4827
2631
2873
2502
1178
1146
1211
3794
2398
607
4091
538
160
502
4164
2500
916
2779
3686
3052
1750
1610
4210
373
2304
4107
3983
3112
4977
2177
4651
793
2332
2571
832
28
800
4823
4558
4735
2170
58
4327
2212
3991
2100
1798
1232
1866
219
2149
3919
4469
3044
3360
4297
7
2218
4501
1722
4669
2527
2466
3688
2692
3459
2764
4348
958
2003
2731
1747
4442
3051
107
2027
4900
1752
3100
3095
2594
834
4502
2658
251
2267
1271
129
2916
1263
2476
2686
384
3862
2584
1423
2254
4837
303
103
2829
1666
2094
3105
2142
3159
3857
869
1756
2131
2028
3196
1245
4859
1937
4229
482
1703
1516
1310
1331
1943
734
3354
47
4047
217
1813
1587
4254
3388
2271
2211
782
4014
408
1562
1330
1126
3754
3743
1853
1701
4906
2776
190
4264
1679
4712
4390
236
1505
998
2516
3179
2706
2845
3419
2564
2608
386
212
228
4438
4452
1403
4240
4840
1285
3221
3164
822
1431
2837
675
4475
2870
3804
1737
3562
1503
4332
680
3309
3980
4305
4950
2839
2287
1707
2277
3522
4672
2206
2532
1542
1522
983
3336
1538
2278
813
4272
465
3697
3308
3538
4220
3348
2310
842
2447
3830
4028
3200
4585
3490
252
4206
3457
3433
1539
1839
805
4508
2553
3871
4807
3982
3693
4492
3925
4941
2320
2256
4385
2705
798
4098
2072
4015
2544
2891
3377
4830
3430
3293
4415
4070
4246
1650
2312
151
1187
1511
4513
2708
33
3008
2857
3907
1199
2762
3429
88
1089
2656
3667
3608
2345
4886
1070
4798
2813
547
611
3737
1091
432
480
1190
3387
1163
654
3682
1448
4117
2624
3436
4131
2202
898
55
1447
2942
1797
1099
1079
4989
3863
2952
1875
2632
4125
3736
514
1437
3444
3017
1170
4483
1072
4713
3157
1029
995
4055
3349
806
3399
4860
3216
184
738
1492
950
3523
1008
335
3425
4124
3462
3912
2469
505
2061
4413
1894
4660
4581
41
1992
3421
4471
4762
2765
4004
2503
4594
2168
3217
1349
1698
4190
4498
3006
677
4069
2838
579
819
2353
2665
1760
3532
3487
4779
2461
3397
3181
351
2229
1896
3482
2824
3069
2413
4816
2165
4026
3550
3819
3153
131
1430
2688
4874
191
69
2687
4221
4439
2922
1356
2833
4691
3074
4211
1938
1230
3079
2122
2224
1219
4680
2023
1350
3028
2226
4016
1971
86
899
2126
4818
4146
4012
266
569
792
349
2245
2508
1890
1837
1740
3725
4766
1676
1205
1967
493
2422
4542
3677
1073
210
576
3213
1962
1207
4203
4728
3642
650
1617
1942
3231
2471
3787
1955
3301
4729
4462
648
3645
4266
3752
154
3815
2795
4358
4118
513
3512
179
1877
2489
1455
3795
2586
1015
4191
3136
1451
1715
1931
3954
1816
1092
122
4724
91
2060
1906
3511
2541
4409
2945
3897
2400
1401
3895
3555
1755
3451
2008
4801
1253
2816
4237
2943
4946
67
4822
2622
3274
3689
3875
2740
4431
4608
3415
346
746
2604
2156
1792
1098
3443
755
4663
3138
1558
4922
1362
2581
1681
4192
2066
2711
3817
323
820
3609
604
2925
4277
1736
289
3135
2835
991
259
2048
1599
4642
2867
4293
319
1038
4234
2978
2773
1311
3339
339
2065
375
1775
4380
3021
2315
1473
423
2436
3143
4949
3926
4820
435
2863
3568
2431
1762
1789
2513
391
275
345
3341
692
256
4975
1284
1527
2207
4460
676
1250
1995
3793
784
1975
2268
198
63
2124
3557
3775
1584
2887
2667
3714
4412
1160
1735
203
350
3257
96
1453
1030
4913
4590
4720
3312
1963
29
1444
1612
1726
1108
2901
439
195
1598
239
2797
902
3128
5
3734
1265
2642
3256
4544
824
395
3409
2473
2935
1706
2247
4748
4345
2847
1234
4103
3227
2843
3739
3002
2548
3342
380
2090
401
3158
1509
1059
2171
3037
201
285
2419
1303
4048
2308
1171
3531
1822
300
2966
4610
4931
4857
3750
4983
618
3684
2919
3470
3036
3655
392
2969
1983
3996
274
3646
1847
1498
4767
4021
4175
4948
1436
1790
1378
2855
4995
2150
3774
2164
340
4863
3759
3534
400
605
2931
1566
4072
311
3585
2038
166
1485
2078
4636
1901
4429
702
1537
327
3635
1112
4007
3851
2409
276
3842
4183
74
4379
38
1488
4480
1365
2957
1950
4677
2348
1988
390
1827
3391
743
4243
4308
367
4066
3813
2264
1214
1854
3015
4009
814
2664
2540
1096
2713
468
1500
2350
2539
1085
4586
3756
4980
802
1408
4011
2652
1773
961
22
2130
1168
4781
1483
3478
715
2521
3240
3496
717
4537
4108
4858
4546
3854
3763
4732
2750
3757
4694
2366
1804
2012
2391
595
331
2790
809
3708
1240
634
2930
1314
1821
600
4520
4515
1342
2175
2406
2567
2261
2179
4871
1344
2783
2654
1985
3241
3148
3242
638
136
4467
4082
1545
4071
2387
1379
2334
4932
3617
4463
3882
4751
2543
1014
3050
3489
1909
2151
3978
1577
3973
3208
4939
766
4122
918
3292
1450
1614
1766
1399
3055
3961
2474
3782
2566
3905
3291
2647
3647
3974
588
1045
4255
3435
3822
1606
1580
355
1933
4962
873
4755
4062
2615
4299
3088
3072
959
4226
1774
879
1125
4013
1976
1759
1087
257
308
2462
159
1719
4235
3606
4042
2941
4065
3770
2528
2360
1335
4291
4514
2896
2326
1864
4316
2349
2858
3518
3284
4785
564
1863
888
2246
1474
2703
73
751
3104
3773
130
2918
3175
552
2572
2659
3395
3218
4054
1699
2823
1254
557
816
42
4512
3762
4244
1433
1490
1554
2805
4768
4003
356
1533
892
4123
4351
1555
754
3390
4182
2244
4356
2910
4500
269
4459
1078
1354
1794
1094
1457
466
1387
4433
1888
3669
942
2999
4925
1051
3384
3165
3920
3154
3843
3653
3740
4213
4864
265
4623
1644
2057
3375
1708
1343
2106
1122
3671
1536
430
4831
952
2481
4763
3510
1176
3501
3742
3038
2329
3644
4914
649
528
626
81
3738
405
4376
3071
4321
3053
3026
2251
4359
1840
3537
2883
3466
4903
1067
3273
767
427
3596
700
2230
1700
3147
3853
748
2053
4794
2376
3150
874
1683
1150
1828
2465
4883
1958
2236
12
4302
4690
2504
2073
105
3827
3084
1997
3616
1689
1174
4924
1728
3586
4363
2098
796
1404
4116
3760
202
4577
1653
3561
2235
4564
2306
1550
2876
3321
2384
652
3359
2454
260
1388
1123
2657
4049
4556
2231
4613
3672
3579
2932
2248
4704
1459
24
1217
4719
3007
667
1800
1993
3101
4232
1382
4884
14
92
2000
835
4461
2684
2693
1920
947
85
324
2848
3894
4567
1394
272
478
4284
3971
4526
735
3040
227
4043
2432
1318
2697
4020
1258
1236
467
4078
3166
1259
4799
624
365
1201
2663
669
4105
3439
2668
4795
3094
2140
4965
3169
2643
855
2679
4145
4481
763
4283
3195
1969
1456
2396
1082
2442
1673
4320
3636
3268
3255
1272
4427
2191
4920
4836
546
3726
4668
1734
3649
2635
3589
1061
2577
2587
2292
2549
1872
2043
1908
2079
2760
2425
852
2418
840
4132
4591
1148
1348
2490
1279
2032
2056
2794
3186
483
2525
1468
3535
2801
288
3806
2103
1093
2736
3110
1918
4137
3572
1358
3703
660
1080
1042
3001
2846
1469
4743
4598
2917
3013
4957
936
3473
740
2569
2699
1237
3235
742
3060
3648
4943
872
2086
2739
1658
4656
759
2989
1572
982
249
4353
75
4917
841
2841
4095
1065
575
1590
2434
2756
456
1461
573
577
4339
4319
2433
1753
4835
2299
1397
1242
1856
3777
2044
1223
2998
904
4422
1338
4976
1037
2137
2237
1441
4646
2630
382
421
2381
2757
1987
1409
1746
4787
2861
16
1742
3338
3392
2153
1104
4695
1682
4153
4753
1384
157
1076
3073
4158
4309
1095
3872
241
1745
1154
1916
2806
3142
932
1452
26
3485
2606
4971
4916
1169
2842
83
3605
2288
3506
2748
4543
2095
3652
3505
2488
347
3802
4024
4298
4684
1053
2069
1692
1212
1824
3428
1361
780
2641
4614
3372
4929
2884
1695
3474
2088
539
707
3049
1615
1499
273
1141
4287
3604
3994
1543
3311
3948
128
4257
1926
434
3418
3162
687
627
757
562
4136
4081
4817
2336
4148
3211
817
242
3633
2159
1733
1218
4765
2517
2714
1534
3431
4289
2974
1050
603
1996
4251
2052
977
2507
4638
2894
3870
2625
1705
4861
2616
56
4241
4195
3481
1895
3134
3440
804
4401
683
3420
2286
121
614
4525
4867
4854
4659
3728
244
147
1167
4532
1871
1669
3058
2563
50
2509
4200
3310
1143
4057
4333
1138
656
2808
4165
3953
3092
254
3313
1366
644
2738
2634
1156
783
2597
1315
4473
3380
3109
2789
1758
1781
4566
510
2250
3987
3527
4465
3198
2825
810
1364
4458
1181
2937
3929
1312
3493
4258
1438
4596
4985
1977
4609
1910
516
2117
3120
211
4455
2865
2994
3949
443
245
4999
2076
2965
3048
3696
469
1882
4606
1352
3191
3514
2676
1609
882
619
3394
125
9
3778
4242
2198
1630
199
2457
4436
1129
4647
4034
402
970
530
2821
2580
3565
3958
4813
1744
2127
4342
4056
3197
2609
2233
2318
3702
1359
2785
1417
470
2004
1224
3613
659
1292
3174
1052
78
4090
596
2249
4225
3788
2640
2524
138
218
1757
1392
2832
233
3764
4991
4177
1405
3030
4426
344
2956
1472
544
4248
2223
1924
1687
3146
2959
1936
509
2529
1421
2352
1027
653
3206
3902
438
1945
3765
3730
1264
4784
2197
1754
2307
499
4571
4074
2811
1557
1880
4572
1892
4143
3248
398
1702
3061
973
3160
1057
2280
353
4806
271
2971
520
3799
315
1662
1198
2605
4667
2755
3212
4675
4355
1751
1016
2852
1280
1623
4223
1547
2511
1196
2650
3683
1109
674
1327
3718
4194
2831
247
4960
989
2051
745
2104
3922
2554
4633
2176
1282
976
4890
3706
2415
3497
115
775
3085
3246
1817
2303
207
599
3244
3584
3592
1101
2568
2591
808
4181
551
3012
1440
4187
4346
3717
1919
2340
2809
524
3280
2612
3524
2102
2139
4366
4367
4350
3219
4374
1688
145
2455
4987
1017
3201
1136
1629
3856
3272
4619
2173
4565
4602
1164
4389
925
4846
2893
2019
1842
4161
1595
262
3059
3710
4848
1269
3986
3043
2050
463
4618
2565
4828
3416
180
84
3106
4402
2600
4740
2777
3404
580
4788
670
4869
4709
4162
2116
1769
3324
2950
3990
1243
4862
3657
3956
352
839
1182
1268
837
3904
1000
4604
4645
2674
3243
1484
403
2903
1830
2361
4770
95
2767
2990
4625
4038
1221
2440
3981
4936
4144
736
3776
1464
4104
2064
786
393
4331
4303
253
4079
248
867
4521
3357
2325
2397
1654
584
442
4418
44
3264
2354
491
1418
314
3826
2393
549
1664
1674
1068
4324
1041
2851
1858
412
3930
2407
1222
4815
4955
3923
175
2093
1081
4901
1786
4159
1004
2483
3885
4005
1649
2189
946
2512
2972
3376
4698
4406
1506
4263
1884
2583
1357
645
4215
4839
4205
2227
1560
4752
1494
1648
1482
1321
4825
168
1278
2138
3594
2691
4278
4092
931
1383
4783
4790
985
1608
2105
4314
1578
4457
1426
3275
3286
4772
4371
206
102
1334
3402
3340
3658
749
1576
2724
407
4017
3798
4958
1345
2898
2914
4139
2707
4612
290
20
2709
1768
4580
473
1548
629
4472
4639
3250
1652
2011
4325
39
3723
3903
811
1651
3892
3972
1491
82
1273
2646
437
4323
532
1504
2535
2575
3149
2649
3381
4238
4821
4279
585
4682
3809
3335
1083
785
220
2486
2818
666
4449
686
2270
663
1835
4847
2970
3528
4654
4045
845
2160
3278
2136
3046
3032
3327
4250
3365
1393
4068
2798
773
4176
641
1974
4742
1003
4547
1898
3417
911
2733
3722
4497
1412
326
3125
2118
4060
922
309
453
4113
2119
370
2961
2472
4850
299
77
953
963
2519
342
4419
3193
2996
240
3333
261
2759
2219
3552
4736
4723
2905
4529
477
1119
4557
4318
830
2510
1915
4802
1277
4434
3370
1973
2505
1371
4411
4275
230
4533
409
475
3526
2085
2111
854
4527
484
172
3068
1467
1386
3347
4036
731
1323
4207
4487
3464
3687
4725
2695
1054
512
3230
264
3643
1940
2495
1367
2152
280
1561
903
3252
2186
3029
1913
3282
2279
2888
698
522
3329
921
2243
919
4665
2701
4940
2610
1889
4115
3666
1529
2404
4739
815
4097
2550
1333
2302
2408
1177
4170
1641
1396
2734
2547
774
25
1286
1229
4643
2371
2812
1435
826
3393
3839
570
60
2305
3171
1852
4873
2445
3508
4575
2537
1116
3628
865
3373
1275
4052
1244
540
1290
2536
2
2128
10
1668
2746
3719
2923
691
1620
178
4387
141
550
3247
920
4394
4199
1173
4421
3307
1741
165
3093
2410
3673
455
123
2895
2868
4789
4141
4405
1340
3975
4312
3955
2200
896
1326
4928
1370
46
1524
3713
270
794
4202
3363
1777
2399
417
4759
4892
4209
1927
3881
555
3238
609
3041
4212
3861
3214
625
3486
3326
776
4870
2241
496
4456
1508
213
2468
2778
3620
4127
1513
3065
1520
2909
3985
3679
4445
1188
2595
1113
1685
3779
1941
4448
2995
2559
1172
500
2802
4188
2817
304
3469
4561
3495
4819
3294
2001
887
4535
200
4731
4454
1270
2515
2047
4855
3220
404
3551
1846
1439
3323
3254
1660
452
525
4754
2183
3767
3509
3670
3615
3964
4271
1528
3126