373
1965
1698
1458
776
156
260
1881
1
1124
1309
1980
505
1254
1573
542
36
1010
855
911
1949
1906
1385
1058
1863
1336
106
1883
437
1799
1558
1831
568
246
854
1430
1343
1345
1463
1805
1140
1801
1057
678
425
702
676
501
1625
270
1822
38
68
288
1701
202
1886
313
1917
1400
1824
1411
266
992
455
1759
1050
857
1435
1153
1358
1260
265
1167
454
209
177
980
1909
1016
1003
1995
1213
1913
569
1709
1830
543
850
767
720
730
912
1137
1445
1182
1599
338
329
1934
919
442
1484
723
1487
199
1467
675
509
793
1867
669
210
1648
548
185
711
788
365
1665
1408
1606
352
1436
19
1475
1077
128
197
648
1897
1195
417
892
1719
649
186
1248
966
1552
192
1499
891
431
1775
1514
1870
848
1291
1347
423
1566
1001
1206
774
446
127
984
1858
1687
1760
162
333
1730
79
497
123
1381
340
344
1303
739
1724
1440
1948
526
1364
1069
759
860
1082
1550
1162
656
1631
24
1559
1456
145
1567
1553
671
686
816
1814
314
67
1633
1696
1169
227
310
545
1753
1047
1270
1337
394
150
1873
1848
402
382
1425
1903
1479
1712
1170
1905
931
44
835
366
651
172
1545
622
1429
1842
262
1515
1511
1433
1015
1255
472
1168
1925
252
952
499
1126
1032
1040
117
119
490
1911
1075
790
1226
124
88
797
1041
1401
1277
1081
1331
1725
1068
1624
903
238
1967
195
963
1389
577
800
795
897
1128
1419
1321
1072
1368
1895
395
1159
226
481
1071
1308
99
1395
504
1026
847
110
1251
457
1854
1837
1018
1662
1165
1160
137
1469
849
529
1375
691
96
1763
240
42
424
1279
400
1718
696
882
576
345
50
986
1216
718
43
1918
1305
317
1908
3
1292
203
500
459
34
302
1963
1017
1692
133
735
871
1693
1928
63
1538
602
478
363
1600
184
844
1915
1785
1619
1324
679
1217
180
28
942
565
1715
1219
77
255
335
108
40
447
1223
532
495
1028
822
346
1129
1094
1635
1151
1565
1111
1342
801
311
1885
534
1095
558
1735
1261
268
168
85
152
746
1786
890
1280
1349
1970
1427
1132
1177
962
868
1432
332
48
6
1985
638
473
1506
1059
677
812
583
1654
218
1975
1056
1181
1415
404
713
1683
484
1212
92
515
996
600
553
87
1536
603
1581
1039
407
426
1117
263
1613
575
293
1011
325
1959
12
1152
1738
214
8
941
1861
1214
1574
33
54
274
808
502
1299
876
1133
387
907
627
356
1281
278
385
728
1943
715
1802
167
1888
667
584
1388
1620
272
597
804
466
1276
1839
618
1102
1677
494
1524
1557
587
1533
360
1780
1675
915
1787
1584
938
1852
674
1262
560
283
483
279
852
1736
870
1993
893
712
612
1421
1598
191
1544
1847
141
1288
1452
1002
747
1700
1186
794
1035
187
556
751
1171
1373
1784
1055
1815
281
601
337
1734
1954
161
479
1464
815
796
379
1609
973
1843
112
1972
588
1088
164
765
1325
1179
367
838
1603
1100
1105
1007
1804
1482
616
392
771
1803
1914
1577
586
1450
921
525
81
1103
1811
1000
520
1241
489
1454
1900
357
237
755
107
301
709
1522
1178
1332
1061
672
909
1586
1628
1776
810
841
1968
643
139
98
193
535
1615
244
368
1772
1607
1721
1191
1749
624
1835
72
441
401
182
831
1746
1517
1866
438
846
769
570
738
557
1507
1509
1904
813
1872
233
1318
1447
1986
1890
1594
621
1526
1589
1869
1148
518
1369
632
700
1982
853
859
463
1960
1924
1416
699
1438
1338
1782
1871
902
1060
231
1330
744
1956
1952
1341
1297
55
630
1110
1661
1457
1622
1076
1957
376
1394
782
1384
1455
1862
1530
1237
527
1500
1036
1362
1880
1629
1005
1477
291
1691
73
512
1816
1520
1231
334
30
149
1664
1964
993
207
432
328
1741
688
1257
383
1139
1658
396
741
1239
1676
1130
1468
347
1220
1979
592
1374
724
1104
1067
1703
1686
1397
377
1637
1306
171
1293
4
201
1350
465
173
1525
1527
487
1608
1551
1561
574
116
1233
198
1616
1723
1106
206
269
142
421
1310
631
11
23
1322
683
1307
1596
158
858
1942
954
1504
1576
773
59
639
863
21
1334
1269
1019
1311
1764
1717
93
901
1392
1652
1240
1443
1548
595
82
936
725
22
228
916
547
1161
1030
1973
258
1579
1353
1678
1766
564
900
953
727
393
369
1706
1491
961
1029
1539
913
1961
647
1290
1912
1829
571
652
475
1695
985
1386
1147
807
26
256
1271
1383
1659
1497
802
109
1770
492
1066
594
1820
969
1611
1282
1817
1480
1531
1810
1296
1090
1845
1172
513
1806
1370
1376
297
681
103
1234
253
388
896
1623
1127
1601
1569
1840
1503
1947
1747
750
25
880
1402
306
1920
748
1320
965
1136
888
1242
1158
1289
452
1669
1818
181
877
1004
752
1639
682
1892
1227
485
1472
1722
899
757
967
1380
64
698
947
1420
1587
530
934
144
1541
1997
1704
1549
275
887
1794
1634
100
1253
1089
874
1950
1582
1034
1705
1099
1146
1971
1962
319
832
1329
371
375
449
982
1882
937
208
582
635
943
889
1761
1571
1641
508
1073
294
7
999
610
653
1485
429
1348
819
389
1207
940
1298
1899
477
146
101
1319
1265
766
224
585
1316
486
1020
84
15
1382
342
988
1681
322
1828
920
811
737
1939
883
722
194
1355
1163
1777
1390
1825
828
71
523
668
1969
1174
1045
230
792
351
1602
1516
1768
211
350
415
1074
1365
833
1493
824
130
991
820
1935
598
190
995
1655
45
1727
1688
866
51
1774
514
1605
798
687
248
1086
458
469
1314
974
1046
879
777
1795
1919
1991
1481
507
1166
1114
1697
1930
354
609
1202
1788
234
1789
684
165
292
1448
924
805
493
981
783
922
307
1902
1876
257
276
1013
1927
1125
778
1813
35
1278
1999
1638
2000
884
1740
1832
290
1437
1097
399
1256
1535
997
658
1063
1410
1222
1143
928
97
1951
1781
1327
1532
673
1720
1470
840
803
120
89
706
554
1031
1650
1085
445
842
787
1326
764
1518
1211
1679
47
1224
620
781
817
742
951
636
1399
1653
121
680
1444
1521
1680
619
734
1078
409
398
1478
498
1657
510
956
1529
864
970
189
1183
287
950
378
732
693
806
873
14
1258
1391
1267
721
1474
1643
259
1442
427
1008
78
521
1856
1916
300
1494
104
1864
1674
551
640
406
1451
1666
1974
1476
1203
829
229
895
358
1621
1713
572
856
1393
1188
1501
1800
1647
1591
830
1923
955
707
83
1439
1122
122
1096
467
1141
1748
1877
1597
242
1333
1113
1109
625
1275
1537
1052
1044
894
32
550
37
1555
1751
1498
1048
1649
1893
1414
1595
1987
1315
1273
908
80
878
1259
634
1462
1896
1901
285
736
754
1054
1340
1123
1064
1808
222
175
27
861
451
1673
756
343
1765
506
932
433
420
925
1996
780
1371
770
1252
1471
1575
1215
436
289
590
1138
1205
216
31
589
818
1505
1093
419
1937
1783
1857
821
1560
1933
444
1752
948
642
1204
1198
539
1742
701
176
250
1889
315
753
1874
659
654
749
348
843
657
155
1323
579
904
785
1006
1689
271
280
160
823
1710
1513
1981
94
239
1230
1490
710
364
1672
1189
17
960
665
666
1489
1065
1246
408
1773
1387
703
1807
1359
1632
277
147
118
496
573
1844
105
362
731
1849
460
972
1149
1940
633
761
617
148
1707
1708
1405
339
1838
1953
349
1921
1441
1630
1894
944
626
1354
1976
1014
1926
1941
1750
453
1284
1009
1990
935
1199
1317
1101
1755
1809
1910
607
1929
1062
115
926
474
1423
1154
1618
295
1992
1946
1907
1112
549
308
646
1938
1798
267
1502
1022
562
1218
236
1523
1285
323
188
1266
1610
1556
1779
946
645
1667
1570
939
1716
1966
758
1243
979
1150
918
978
628
448
1685
1461
1398
976
1850
1300
1083
763
975
320
1413
95
1983
179
183
1791
1682
851
1302
1229
1604
704
563
1092
927
1508
16
1403
867
1592
827
296
733
157
1187
1407
537
1827
1670
1936
959
917
1984
1694
608
1287
413
1671
1593
760
1193
604
1977
450
476
1245
1027
1155
1225
1542
561
865
140
775
418
1351
1180
689
309
491
1084
1115
1739
528
403
46
324
422
305
1699
131
1449
434
1826
629
949
468
998
1580
886
567
370
1812
1466
779
1922
1184
1860
1021
1585
1743
1196
1771
1344
881
743
1025
1079
1737
1228
1519
299
1107
1361
1236
464
5
151
1540
581
225
20
134
327
784
284
717
1945
316
1268
786
62
326
578
536
623
1053
1645
1192
1702
613
929
964
1932
1431
714
1663
983
261
143
1422
331
52
1272
169
53
1656
1790
416
1496
1644
312
1978
1379
836
1819
245
1614
1562
1859
1119
644
663
945
611
591
538
541
875
957
1434
1164
1729
1769
593
75
869
1744
1459
1428
111
1049
1173
1446
1841
1406
138
1263
1038
1378
254
1853
826
1821
102
994
1108
1404
384
2
57
1564
1931
129
1690
470
1145
1200
772
1944
113
482
1733
1528
708
1834
428
1793
522
987
410
1142
1958
516
1190
614
480
517
1823
1756
374
391
1488
1087
232
1210
462
1156
170
411
381
200
1988
1754
1409
153
380
440
372
834
243
303
318
1714
114
204
1495
1221
1851
1120
65
1091
1312
1588
321
1417
359
196
1418
60
1868
1884
1175
1363
1745
488
1357
705
1339
524
304
662
1731
1023
716
1726
745
1335
544
503
968
1563
29
660
49
740
471
1176
1547
1396
971
664
1356
1898
235
845
695
1235
1627
1070
1042
330
461
1247
1875
159
1846
837
1372
599
247
1578
1796
286
990
251
174
166
439
1762
719
1012
405
650
1185
552
1118
414
10
1612
637
90
69
1833
1642
412
825
273
930
1134
390
1301
18
1024
435
605
91
223
789
213
977
1157
443
135
533
1426
1135
1465
1249
1250
1998
1757
1887
914
799
1286
1486
1098
814
531
1955
220
1352
1328
1264
1294
1568
906
1033
540
791
74
41
361
685
9
1640
125
726
212
219
1651
456
355
66
1121
1989
1424
1646
615
1366
132
910
862
1037
86
336
1534
163
241
1209
1043
298
1546
1313
1453
1201
923
1778
1617
1879
264
397
958
39
205
1583
1510
1767
13
905
1473
1080
1684
154
126
692
596
1711
1758
1304
282
768
1295
1194
546
729
809
1732
885
559
1572
1660
58
566
989
511
641
1636
1232
1274
430
898
1197
580
1412
1512
1483
1792
1994
694
1208
606
70
670
1590
353
1836
1238
697
1855
1878
1367
136
872
76
61
249
1460
1144
221
1543
1891
690
56
1244
1283
1360
1626
1131
215
386
1865
341
655
1554
839
1797
1377
661
1668
1116
555
519
217
1728
762
933
1492
1051
1346
178