1140
6892
5974
2243
846
5132
4413
5992
2892
3996
1817
5017
6101
6748
3170
940
6124
420
3524
5010
1689
5900
5122
1823
4926
6935
4851
4053
535
6477
1821
144
1178
1515
1409
3938
4023
2295
5373
5479
2436
2471
4914
6257
1753
2824
5452
6861
5896
2669
2044
2867
5426
6193
713
2835
2299
234
5916
5963
4746
4108
2902
5047
5319
6471
6171
2766
3903
1577
2614
5882
5733
2307
4187
796
3840
4577
4679
5277
4106
6591
5519
1469
3899
5073
6004
3178
5767
2009
3258
832
3320
6690
2394
6223
6846
5387
3177
2218
5495
4740
4462
2948
1219
2220
1499
3807
1827
4283
1264
2456
647
3116
4834
1521
4867
1513
170
1882
4726
1493
5749
4045
4143
6431
4665
2837
4509
5096
2443
5648
6424
3494
6240
2333
6742
5431
3361
5884
1835
2962
6168
4436
5599
6563
6611
4130
5521
3822
5868
109
4285
2590
2673
1192
5661
165
1864
1449
4941
6114
4138
3682
5286
1572
5528
4373
1510
3469
652
6367
271
6023
6747
5535
5185
2016
6329
185
2403
1004
4907
6795
1997
2372
4389
4977
4973
2435
3742
5693
1803
4557
2713
2301
5001
2447
1673
3286
4960
3127
1570
4835
4419
3602
4832
3433
2052
3089
3299
657
6651
6128
1576
1084
2594
4782
3067
6475
1931
1376
2249
6184
6993
6052
6705
2769
874
3858
6977
3240
3002
1450
5099
3095
6387
2002
2452
4139
1506
5728
2034
6791
161
4307
6336
1755
3332
3603
5922
516
4267
4445
2579
4859
5307
5973
328
1470
1007
2026
2112
6068
5137
2115
197
5084
3288
5160
2048
5490
5500
2662
5449
1263
1598
2629
5654
2005
5502
3244
2711
3928
2351
4165
2195
4111
337
1211
4432
5195
5283
3573
1165
1960
3744
501
5612
4348
2493
2804
4692
6298
6243
6904
2886
2581
1903
4676
2135
2004
2974
433
2283
4717
2724
4197
3771
684
1153
2070
743
3068
3757
5848
3403
6080
4799
5043
2531
6356
785
5964
4927
1149
1216
509
5639
5800
2011
3861
6270
1486
6703
5492
365
5938
5613
6180
4022
4337
2072
2234
2277
2647
3790
1769
4347
2139
4972
175
5682
3221
4585
3467
3402
6041
3735
4329
6354
5057
6000
2183
5593
5242
423
968
5509
896
5995
90
6409
1381
1175
2699
5212
492
1044
2326
638
1229
4749
5628
1565
3665
6542
5833
6740
1727
1865
4581
908
1348
900
6538
3717
929
5240
4553
5152
4416
2035
3944
5324
1403
1881
5025
5629
6050
6191
3001
2988
2173
770
6437
3135
2334
2476
5532
4642
5673
5346
6760
4352
2634
2933
1010
2661
3062
4010
3151
849
2433
5372
2458
1009
2625
5718
794
4841
3726
6407
4127
3210
5956
6012
3493
2155
1603
437
4060
3695
861
524
4326
6615
2380
4525
5533
2320
121
288
2753
3978
4420
4395
3746
2133
3905
980
687
6245
2535
2404
2875
5814
2920
2659
6915
6202
6503
2940
6382
4779
4008
1699
154
834
4954
2111
3997
1894
4638
6781
2944
5720
27
2670
1202
4833
4644
6686
1247
6692
5637
223
4358
6879
29
2253
4900
3571
2865
6372
4104
5158
3174
2207
1871
815
799
732
2291
629
5838
3397
6853
6343
3250
3045
5773
4793
360
2810
4311
6435
1582
885
5171
4662
3386
5070
5581
6432
4622
835
3844
3820
1047
6248
6309
2153
1166
2995
4327
1150
1625
1296
6638
195
3125
5409
6203
6947
5860
1438
5664
3702
6484
2730
1909
6022
4598
2779
6775
3649
1653
4627
2264
2773
4151
2114
5516
946
4921
3100
4822
746
6370
4836
2626
315
4701
2360
2092
6962
329
6480
1352
3564
1421
2441
2811
2417
761
5511
5548
3699
2814
1109
1840
1937
4126
3238
3112
4587
473
2190
645
5826
2525
1985
2312
6534
1068
4751
3812
30
4222
6465
3689
75
5712
6700
3081
2095
1813
4020
4937
5949
2338
4824
983
5777
3308
2250
3580
6011
2866
6508
3528
1334
1147
5969
2692
1540
6768
5899
4018
3052
5869
5155
3998
3363
4827
4076
6965
217
1640
4806
6157
2373
4570
2303
2930
1117
916
4161
4628
1306
1123
1420
5394
65
6539
2722
498
6757
3019
6351
3160
514
6272
4646
4164
1641
587
1785
2347
2498
1812
1297
3115
6944
3758
4372
1971
6299
1516
2096
6855
5366
4255
1198
4845
780
5989
96
544
5690
3111
962
2470
523
2017
216
6337
3764
3447
5834
5573
957
2268
2440
557
6169
194
6886
5330
6753
1463
6970
6137
1637
6256
1174
2857
324
3993
5982
1253
740
199
550
5463
636
1511
838
1061
3414
1366
1661
3659
1717
5725
773
3959
5269
3439
4868
4463
105
2146
3876
4341
5294
6745
6228
6954
3921
319
3355
2913
4979
3777
1725
4807
4634
500
1609
2061
6573
6176
4780
5844
4738
1915
2791
5666
5254
4955
6090
3549
4105
6512
3651
6046
4038
1432
3700
4541
525
4061
3488
3212
1410
6739
727
5194
2399
5873
3442
4383
5574
178
3553
1242
4368
2539
392
4826
6913
6627
6564
5303
213
3216
2474
2825
5655
3504
2300
5060
6710
290
2265
313
2746
5077
540
2884
3471
3329
1478
5461
5902
5609
667
4631
6704
2926
3596
6726
2784
3838
3973
3960
6870
1122
1938
6469
135
1791
1512
1413
1400
5239
5446
6481
4091
4481
5125
3972
947
1738
181
4745
1616
5275
5058
2851
3593
6979
3061
658
6731
6145
3137
2651
2191
6845
2618
1370
803
3864
6330
1291
2481
1081
6997
5456
6960
5395
3675
2110
3645
944
4660
2702
3237
6142
2180
5644
4641
3157
2022
764
4606
5224
1453
4072
6507
2093
2874
1411
1687
1045
3950
836
470
4694
5816
5951
6548
3211
6016
6125
2415
3520
4818
4976
1342
168
2906
767
5378
5414
1726
1455
2406
1558
3388
2136
1564
2976
4659
2087
2280
6610
1978
1249
3091
4770
4149
4635
2487
585
4802
2237
3605
4265
6201
5778
1519
4495
3576
3887
5699
5986
4757
4992
1831
6087
472
592
930
2463
3256
3506
2387
2308
1462
3974
4177
4636
2623
536
4604
1091
3697
1713
5287
6617
1107
3380
5786
224
808
870
249
2217
4699
4584
648
4455
4492
618
1580
4496
4991
3856
4050
1527
6121
3707
1097
4597
704
3032
5064
5460
3638
6786
4583
661
5308
2571
5647
3015
2870
6445
2680
6348
6917
1019
6147
129
1157
878
3999
3958
382
6557
2911
1543
1770
1588
5563
1187
6646
6344
3066
987
5564
3314
3412
5357
5170
246
5482
6866
5256
5465
5424
2820
5144
4007
270
3716
5553
6937
4234
3048
6494
151
3330
6487
2609
2229
2599
6467
1062
2289
3827
814
4257
2313
865
2941
739
2365
5033
354
6996
4855
6457
5323
2817
3106
5590
3816
6697
5248
805
6395
5375
810
1672
260
6422
4920
978
6212
3724
2235
3957
25
1833
4366
2696
363
1667
6920
285
3370
5670
6749
2126
3236
3401
663
641
6420
3098
1361
6385
6838
6821
6482
142
2695
4708
2737
1374
1669
2655
4304
1578
3424
3833
2789
4880
2991
6520
4507
1096
2211
6400
346
66
831
4576
4393
2259
1163
1943
6843
6857
1958
4287
6498
413
5093
4471
3837
4324
5141
5929
152
6079
4930
4319
1944
2812
3406
2959
5363
5841
370
4316
2979
5326
4213
6528
4228
6359
677
104
117
2060
840
730
1639
4916
3908
914
2576
6393
3652
1665
517
6733
2359
6211
2407
4427
2465
1434
1533
98
2569
6178
2038
4781
860
2376
5650
3701
5981
2741
4266
807
326
202
4658
5588
6737
6186
5358
6258
1531
4468
1205
3917
1448
5925
3804
6065
1659
6837
3919
6089
4292
4947
6450
7
356
2454
5962
426
4118
5220
2885
6181
3075
5258
5572
771
3730
3126
1781
250
4120
4555
3429
6441
1024
5402
1759
5069
559
1015
5926
6233
4179
1267
3394
331
5032
1965
6174
6581
5950
6702
3988
6941
5217
1748
4096
4621
5558
3687
5701
5091
1624
3729
3022
3315
6474
6505
1075
3981
2302
3275
5597
5314
1293
4857
6593
3967
1404
6633
2486
1191
6049
3097
5037
3005
47
1657
1464
4568
3461
972
4026
4489
1214
6650
1428
493
6328
3428
1872
3041
1134
309
5494
4490
4609
3017
3382
36
3000
923
5399
6688
5355
1033
3526
2208
6833
6578
552
405
5857
5444
2573
2612
2914
419
2219
1688
1292
4356
2841
4290
883
6274
6209
6296
6219
2580
2864
5390
6764
589
6579
616
2975
1952
1002
6779
6735
1170
6446
4085
1766
2876
2187
2121
6196
4709
6402
5321
5391
2556
2566
3542
1843
5139
5343
1280
5261
6825
3344
801
5079
5131
3230
3251
6682
4214
581
1475
3501
1975
6235
5359
3947
1311
4748
4011
5645
5603
5888
1992
1711
4210
52
5403
2738
2144
6103
5508
3615
6598
3586
6025
790
2882
362
1030
1347
44
4
6323
4886
6620
278
907
2747
4811
2012
5140
1028
6789
4593
3937
1509
949
4910
2020
166
4119
5439
2921
903
5524
3991
4747
1575
3051
1487
6874
6677
2003
6827
546
4012
4510
4282
5917
410
6826
2727
5571
429
6283
605
1573
653
2748
153
4714
1993
2137
5304
2462
6709
6218
2362
1337
158
5763
304
3485
4861
3766
6589
1879
3064
582
1225
2978
1495
2751
16
662
2
4114
5175
772
2260
3031
5660
6963
4860
889
1969
5907
5522
6553
417
2956
4284
6135
496
2582
2062
2689
4032
1285
1113
5765
4967
5624
848
4928
2723
5825
174
6623
6713
845
532
6263
4890
4369
2337
5683
1417
888
282
3736
6675
4467
5988
6289
3437
816
4423
6287
4569
4712
6888
6587
1067
6366
3417
4415
1720
6396
3121
6478
551
2709
1756
3398
1715
3087
3971
2477
4607
2124
3802
1360
248
3407
4269
1326
4736
6624
5913
2507
5626
2501
775
6804
5714
3319
78
5566
4820
4237
5649
3544
1612
627
375
2621
3400
4385
1380
5476
4375
455
4465
3063
4133
4240
5824
1810
2936
4048
137
6215
2041
1841
2996
5870
5910
1215
2409
620
3842
5338
5606
964
2381
2568
3072
2795
1636
784
5954
4245
211
5412
766
6961
3731
1792
1213
6357
38
3096
4487
4388
2472
2266
6035
1446
5193
3197
1154
981
841
3465
2371
3042
2981
812
3227
205
6381
2116
2131
5293
1596
1976
4981
2073
1468
3708
5393
3569
6444
918
2731
5270
3611
6652
5
3660
5726
3554
5672
5770
2204
6232
5350
4784
3644
5920
1408
4349
4279
6371
4643
4613
1896
4308
5430
3365
4579
6840
2053
3620
1301
4193
5312
3857
2632
5520
2071
3656
5539
4062
1003
131
5130
634
6253
4027
5947
5706
4528
1774
2444
1599
5087
4113
4501
4117
6166
3377
4963
734
4009
4409
2681
737
6631
5898
936
15
910
5251
3094
4965
4227
1695
5583
3863
2225
1984
3057
4241
2055
5384
330
5589
1722
6305
3710
3357
3685
5623
3749
689
3147
6856
4688
6601
6569
1224
4071
791
5855
347
5104
4545
2318
1085
3548
995
6547
5187
6701
5837
804
646
6242
3248
4140
3994
451
693
3119
917
4842
3415
5475
3307
1955
5775
1925
2896
421
6828
4794
3124
2310
3410
4480
5665
3263
4216
2677
6609
268
2222
2993
6055
1183
1658
2233
2705
5493
5464
1797
1529
700
6721
3752
1272
624
5764
580
2100
6991
1230
2922
2575
2985
6433
5788
3830
3885
2792
778
6923
2340
6693
2163
2272
4786
4741
5278
3670
4099
2675
6912
4044
871
4729
6793
6398
6066
2518
4594
4640
1877
6868
64
6695
5466
3448
1076
4056
4305
3144
4873
3274
3817
2412
6430
6353
5802
4302
2504
6291
2693
189
6335
749
2418
4317
1707
4626
1136
4121
1053
1922
6078
3627
6939
159
1322
5433
6321
3886
338
2502
3054
1137
4766
2467
718
5710
4110
6560
2542
2639
3932
5697
2395
6252
387
2194
1772
398
4271
2715
2143
5809
5615
2028
2912
3623
5198
6389
4511
817
6123
3196
993
1838
5752
6207
1181
4475
5604
2872
1190
1286
1350
453
6871
1184
6458
4034
1398
6155
1677
527
6349
193
1203
529
4677
6596
3562
5148
3486
454
4777
4696
6669
6532
6577
5013
1663
5759
5176
5744
1338
3333
5698
3990
2967
6896
5985
232
1604
2063
2279
4968
3591
6660
1974
5353
3356
2694
5383
2830
1494
4922
201
4293
4801
3739
4262
5318
6964
1851
5858
5953
2242
1399
3162
1276
255
299
4605
1241
3006
6903
2643
1027
5717
4720
4259
1346
1459
2431
6010
2954
4840
4758
5892
5727
3677
2082
1782
6468
2516
3118
6588
3272
2228
654
1541
1052
3026
1528
4874
6556
1444
4295
5517
2752
5297
3606
444
6863
3008
4514
2800
4242
6698
6973
1069
2000
6317
310
2223
4275
3653
4504
1970
6537
5423
4303
3814
4671
4024
2319
6373
868
4809
2999
4788
5799
1079
2142
5111
4459
2050
1130
3639
2729
5822
5285
3737
2932
2188
3036
3732
6670
3175
3289
1702
6314
5746
3451
1739
823
5328
1362
3328
5055
2701
2987
2844
4322
235
1029
1282
1502
1442
5095
4943
3351
4435
5027
233
3261
6029
1771
6279
477
1324
5313
2545
869
6711
5103
6127
6787
2489
6376
6333
1569
4365
2344
415
2986
2141
510
3003
4447
4697
207
3761
2547
989
6259
466
1231
1139
3473
5052
3760
4418
4639
28
3009
5562
6292
998
5677
6316
2245
2637
6036
3650
3376
2088
4512
6648
6122
5486
6325
2721
4503
3855
2145
3755
6813
1039
2633
5894
1968
4338
2290
1764
2668
2495
4055
5582
3223
2352
4536
5401
367
1923
1131
3021
6773
5569
3511
909
2503
5177
358
1834
1784
2384
2596
1368
4485
5342
1396
3105
3028
855
5470
6830
5398
6489
6172
5300
3426
4864
2059
758
1274
5813
2910
1355
4201
4804
4396
2434
1424
3232
1447
2405
4300
5428
5729
4614
5023
2803
2167
122
3033
3434
6673
951
4175
3220
5640
395
4567
2363
2616
5108
5790
308
6459
1106
4451
2593
2393
1339
3481
251
5812
3769
3438
644
2349
4563
5015
6401
6848
3839
1914
1966
1457
5753
6938
4399
5732
6216
5301
3888
3900
3913
1262
593
2549
4340
5007
4547
5156
2150
3079
1795
123
1904
1269
1251
6251
1426
6084
2931
6535
3512
3789
2181
4015
1652
635
3866
1734
5689
5029
1173
4272
2813
1605
6028
2090
4508
3818
4097
2397
5182
566
4704
3773
2517
1484
3508
1217
6529
1087
18
5780
2130
4003
897
994
6098
4470
3252
83
3738
4438
5094
4001
6994
6881
1418
2756
979
792
996
2823
895
999
665
3194
1698
3532
2708
5218
4527
875
5871
850
5815
4244
4869
408
3090
890
1562
829
714
588
13
5630
745
6009
5754
5133
6449
5063
5570
138
1983
2420
5736
5434
5128
4986
3154
4889
4923
1718
5885
1143
3547
6978
3592
4537
3881
6391
3323
639
6224
2511
6053
1845
2728
6352
6310
3276
2024
5008
1561
5354
1950
4500
1477
1567
4575
6516
2706
3797
1980
6231
5209
6392
707
1371
182
5914
5805
2949
1000
5931
6665
6303
4354
2215
2184
4617
5631
149
1223
107
3374
6774
103
1589
5153
2263
6860
5448
3507
668
6782
3214
2315
1005
6378
3578
2562
368
5478
3590
4558
5356
5576
4661
5367
1503
5861
1670
2635
6771
5458
1675
4098
5196
3600
1504
1110
6285
4872
2725
2288
108
2345
3080
6454
1892
2815
3164
961
4235
339
3916
3117
3782
1854
5771
6177
6514
3226
4816
5120
2561
3296
2890
4199
3711
6442
6192
5469
2426
2624
6867
3631
594
5614
1332
5711
3588
3326
3643
2848
3853
1023
3390
2925
5760
2081
1323
5709
5939
3831
2200
3034
4219
1906
2018
2740
1507
4974
6496
6527
6094
191
1945
5515
6594
3992
1422
6175
5936
3254
6900
1566
623
4195
5769
5252
5772
5143
218
1377
6304
3454
2221
396
4246
3093
858
5872
5942
4562
6164
3810
4685
6070
2745
4996
4898
5183
1789
6148
3941
6854
2120
4574
512
2252
6361
1288
3198
2036
659
4493
2430
1676
5832
2390
1700
1031
2640
4212
1119
821
2166
4233
3598
4280
1754
2664
4239
6797
5092
6809
2512
1595
2469
37
462
3384
2226
3546
5192
6820
5249
2917
3409
6091
3940
1114
4453
321
4803
287
3290
5235
6798
5097
5453
5934
3868
793
1632
1090
1102
6428
6072
6419
5852
95
3841
6714
481
5560
2374
1227
1460
1929
728
562
2172
5625
3190
490
2214
4194
768
1277
5662
190
3585
6971
852
5019
3874
5199
4426
4882
100
6628
5821
4625
2161
4814
6518
2186
5337
4430
5316
2322
614
4655
5159
2085
6499
6576
2656
227
3693
1590
1065
2492
1284
906
1310
3496
4929
88
3480
6254
563
2798
6071
407
4544
2768
531
2583
432
3138
262
244
1392
4036
4109
5053
604
965
3750
990
3527
5716
4183
2193
4990
2192
350
2414
6037
497
3901
1546
6320
4649
4599
4250
928
1829
6455
729
1859
4278
220
204
2557
2636
399
5216
136
3113
6984
6423
1741
5766
3399
3455
1977
2152
4871
4791
5427
2631
5166
4473
186
292
1126
4306
5059
3065
4320
3166
5360
6226
4336
599
5382
4476
6195
4153
3845
3847
3167
1103
2989
3785
691
3514
5731
3939
1479
1050
3681
284
2945
3846
3369
4066
6794
1303
607
3359
2171
904
5149
4969
969
5473
6265
1963
6075
2346
6438
6238
464
1148
600
4406
3852
6967
3517
2880
4573
3522
4673
6185
1300
93
33
5997
6501
403
3287
2984
3680
6461
1176
4230
1941
6816
736
2480
4854
1724
2244
4730
3278
5575
6729
6276
4150
2577
3969
6362
4037
2555
3245
1524
1862
1621
2388
3049
6683
5549
2552
4789
3484
685
5667
609
4191
3140
5432
4513
4378
26
6491
6250
6678
2015
3043
3624
4439
4884
254
5113
4100
5808
2209
4226
6656
518
5150
3011
5617
222
4017
5123
954
1302
110
1054
1611
2094
4732
5392
1331
1514
6728
6681
6554
305
2027
4264
2764
5972
3552
6894
2514
2065
4552
6959
2871
3619
3395
1080
4090
1363
5332
4093
4519
5487
6980
1406
1222
5990
6570
1868
6976
4887
3740
5722
3389
6567
1525
1579
6447
342
1270
1343
5334
6865
4247
3551
5903
401
5585
4683
2758
2335
1111
6047
1793
5016
4346
3146
4539
6687
6546
802
2275
902
4958
6807
5115
1972
5751
2572
2847
6413
5598
2461
4377
58
2589
6293
6208
530
6694
1207
1544
1437
4408
3317
2816
6497
1994
6062
3392
1281
2970
1305
5561
5687
2361
1891
6179
6107
5208
6946
188
5371
5422
2402
4538
2780
3345
1853
4994
1900
891
2325
672
4253
5959
1026
5715
3936
1794
5991
763
4999
5344
3459
4742
4202
4728
2901
603
6727
542
281
1034
1046
6342
2156
5184
2236
5594
19
3795
4675
6307
3432
1443
1591
4059
1539
132
1542
4273
6139
5056
1745
1179
1805
2899
3242
2821
5026
5755
1918
938
385
3662
20
3787
6819
333
4291
3975
4592
579
3358
3331
2613
239
4381
4081
3646
2819
3875
2357
798
1382
5450
1630
6943
3922
1802
4040
3579
1394
1571
5488
3156
867
5943
4572
4089
1244
3849
1619
717
6931
1412
2822
4559
4961
474
755
3184
5214
4141
6102
4924
3391
5002
2368
5231
4862
6930
2284
146
5295
6297
200
4206
4846
4124
3188
5811
4261
3964
279
3987
6105
6720
5818
6109
1936
5543
2127
4993
6426
6302
4795
3456
3836
184
4472
921
5485
291
1517
116
457
3476
4425
738
1620
452
4058
1295
3187
3128
2199
3247
5830
3531
3894
6483
125
4101
655
114
3233
598
6032
2475
1559
6815
2938
3373
692
2587
74
6500
2527
5086
2001
6188
4208
3798
3013
1220
5738
1606
4881
927
1701
3970
5721
6914
2977
6163
4042
40
2958
2400
5536
2488
4145
4080
3674
3148
4737
61
1617
839
5009
6549
4387
5397
1124
6399
6536
6384
5523
2942
2877
5978
386
6473
22
5362
4762
5072
6198
301
4970
6210
5075
6388
3951
5238
3718
5932
3686
1731
4049
384
4787
1634
1967
4019
3337
1638
366
731
2744
6008
1498
3741
434
1304
6606
4560
1628
57
1773
3058
4332
3703
1758
296
1932
5692
3327
2383
1867
6358
231
3879
2103
6138
606
958
786
1480
4147
3642
1901
5967
4158
5996
5847
1959
751
1645
2565
460
4176
2836
416
1898
6672
3264
2382
6772
5680
6619
1315
706
1518
6583
1837
1435
6140
2379
3676
1180
3983
2138
1723
3720
4805
4335
4792
4919
431
3186
3657
5048
3890
4142
4074
570
955
1259
1824
2213
383
5467
102
243
256
4424
6340
3911
5309
1686
3599
6341
5966
4515
5003
2520
314
2256
4296
1987
1777
6859
2905
499
4542
1545
4651
2546
3914
2829
1248
5438
442
4878
4591
5880
5425
3889
479
4065
2646
4879
515
818
5700
6752
5544
4554
5161
4956
1716
6247
4397
318
3949
5909
1886
3086
1298
6755
3311
4313
6599
1536
2845
6519
6942
4063
6264
5737
332
3192
4706
5038
2735
1239
1313
4624
448
4949
5619
4174
62
6990
3482
5404
4731
6641
5785
506
2485
2367
5559
985
3604
3891
6448
1402
418
2826
4078
179
2054
5993
3207
2494
2790
5157
6784
1537
887
1934
5121
5203
6085
6377
1627
705
2196
3354
5396
5174
3770
2424
6120
3984
2641
2897
237
2859
5856
4152
5783
1467
4314
6269
6092
2427
1942
1042
5779
5223
3293
6928
6418
3312
6921
6386
748
6876
3225
1629
5602
2610
2261
3099
830
4131
6152
6555
5413
4727
4057
6056
1115
4148
1594
5012
6799
3848
2648
6026
5789
6043
3636
1719
4629
3806
4763
6975
6636
1991
4155
3294
4893
5708
5586
1132
468
6951
5289
1393
2049
2422
1655
2716
2538
1307
3408
6506
4775
3867
842
3565
1602
2210
4070
4946
3215
937
5050
2853
2717
5381
1973
797
4392
2703
5045
3556
5542
4666
5349
6375
779
1935
2530
6133
3954
2966
169
6021
5491
2446
4154
3283
5455
4116
4486
2108
3102
1583
5388
3715
359
1671
5024
5065
5280
118
1256
2645
2169
3277
4238
1746
3559
2682
5028
2212
6406
4209
5794
777
4276
4759
3555
3085
5305
1825
2069
4932
5854
4499
128
5282
145
631
1196
913
3421
2451
5348
1642
5076
10
5468
3963
2101
3933
4236
1964
3778
4220
2506
5987
2755
703
32
427
660
2832
3338
1022
1522
5341
2033
511
6222
6584
4160
1986
5979
941
2607
3567
558
127
148
5374
2157
3688
5876
2109
6190
6634
4687
1888
3303
2570
4268
3709
2510
1946
3536
463
293
2353
5551
55
5035
5186
2107
3139
4163
673
3088
1156
5669
3158
6948
3733
4092
6658
5039
23
6262
892
3505
1799
2898
1186
1416
2148
3291
5429
5694
934
3367
4403
2341
6189
1246
6743
3321
1905
3104
2324
2802
5806
380
3056
2460
6383
2021
1226
762
112
5474
6339
3271
1696
5014
4761
4437
4897
4073
1365
1828
334
53
3860
2676
2519
4517
4837
1680
1631
4309
2385
21
3989
2781
6443
467
2099
4705
3423
6100
6649
3587
6230
3208
3443
4654
6769
4325
3130
183
4223
1193
3543
6313
5747
3671
1433
602
757
424
2074
1041
1863
6999
4260
6156
6851
4619
1999
1255
4433
2149
2043
3594
5743
5723
225
1232
357
5965
5980
3809
1128
4516
2544
3318
2952
4531
3537
3698
4765
4703
720
3912
139
4768
3774
3946
317
6318
680
2541
3499
939
261
1429
4431
4863
5577
1112
5635
670
5823
6832
1534
4069
1485
4064
5620
6511
275
4128
3092
4672
6495
4988
4156
3340
2900
4422
3267
6054
4520
608
826
3865
2973
54
3577
6862
5457
3929
920
522
6849
2411
5684
2182
4876
1601
4722
970
6460
4618
2806
2042
4077
2176
1735
5906
6574
1077
919
4215
4940
6074
6922
106
1177
5795
4107
1161
4813
2617
2674
3341
3897
276
5109
2943
4633
6141
4502
1369
976
6691
2537
4647
4521
5579
5874
3743
6824
4357
6502
3779
3029
4442
1454
1055
3965
5361
6324
561
1135
6464
4858
1873
4344
1776
6213
5796
2174
4936
6414
783
2532
6110
4488
6568
5322
591
5908
6839
2298
2370
3521
3985
2117
1757
3343
873
5659
5998
1063
6493
6639
4691
3349
898
1353
2413
1697
2331
5284
4258
5124
1847
2588
414
4645
712
6170
1125
5941
5000
6007
1692
1555
6417
3078
4877
2483
3020
5369
6916
5172
3342
1236
4711
4611
4657
6301
2267
3557
3334
3530
3478
1221
4564
4270
1858
696
4589
5417
2894
1358
2091
2619
597
208
2801
3523
3404
6408
4796
164
881
4952
3416
3906
1351
3815
1051
2927
5385
4170
2364
2238
4978
6995
1807
1806
1152
6803
4808
6045
6456
6486
4892
3834
1587
2086
1732
984
4094
4497
3336
2786
583
3574
1387
2878
4939
2524
2386
2165
6523
1949
2270
3246
3654
6058
1385
3613
4754
4674
6081
4844
519
4753
5167
3734
214
1761
1690
6842
1822
4800
5090
2010
3077
49
5265
5527
2536
1613
6509
6
1626
4957
4839
5006
1209
39
4551
458
1254
2037
3201
4895
4371
155
2796
1988
3907
1401
2160
5601
5352
4428
5866
3381
2807
3513
4548
2553
6992
5379
4838
5173
1158
3581
245
4112
6625
3780
1373
864
4812
3819
4866
555
5740
5675
1733
4088
541
1473
1325
3977
1651
2355
533
1474
6899
6143
2887
6580
4046
3516
6906
4474
70
1266
6116
4350
4328
6031
819
1252
5849
2601
3924
5713
6108
4047
4035
988
5443
2348
3023
2998
1526
355
5205
1979
2398
4850
4987
584
3383
4181
5554
111
5945
3470
5267
2600
1482
1830
4668
4772
3472
5421
3851
172
176
4339
787
3679
1340
573
1684
1218
702
6780
6220
5105
2428
3082
3059
3871
744
1472
2056
1330
1120
5878
1476
5702
1201
2466
4446
4601
6246
543
1133
3487
41
556
4498
1743
5112
3669
14
5750
3692
6776
5958
3107
1729
3348
5685
2946
4543
3629
1333
6005
6015
4669
1860
6932
3153
1939
5441
5955
4908
622
1194
5642
6472
3268
272
1921
1760
3339
935
1375
79
4964
5595
1574
1021
3462
1452
6877
3634
6524
6306
1778
6908
6796
6605
6822
5339
3219
5883
4411
5213
5138
5335
3925
6872
3301
1818
5797
6154
1384
6950
1660
203
3519
844
5336
2013
2992
3691
4540
2287
397
2794
6453
2833
6206
236
5674
2216
2660
4318
5074
4870
2923
5271
372
3129
5181
3883
485
3109
6607
3570
5803
2918
6927
4029
4353
5126
2736
4608
4196
5525
4224
1798
2045
5380
1414
1852
6630
4524
3136
3060
3728
5292
241
5329
1168
3765
5106
4667
3784
3269
2342
3920
4407
1712
2586
4700
3305
4951
6956
404
2550
4200
2842
1857
5895
3161
6039
4103
1874
389
6756
3672
24
6149
6042
5946
3661
5180
504
5804
5742
911
2484
513
5221
3843
3904
3368
1088
1928
3595
6852
253
4913
1138
2122
2419
5681
6642
675
3182
4616
2097
6237
1808
4013
4361
1261
5311
6492
2763
2667
4263
1505
1309
1367
2084
5513
3427
4137
4218
373
5005
4364
5243
5345
3803
1073
5505
956
2014
11
351
5268
2459
1618
94
1866
2125
219
486
4281
4342
6326
5506
2254
5274
50
2775
471
5688
5197
6436
120
4417
4721
974
4534
3635
1703
447
2140
4852
4243
5202
3074
6033
6331
1962
4888
6106
3204
4404
2330
2076
2598
5627
376
6063
5200
280
2534
5325
6200
4444
3411
4828
1644
3241
6887
2305
5957
134
1182
5501
3582
6645
1704
210
2429
3704
5836
2241
3658
5237
3055
6060
5657
140
2843
1466
2953
2592
3610
1875
2089
3767
4288
283
3664
6347
5351
4182
1228
6159
977
2356
3561
6602
4690
320
4767
4975
2508
3601
5471
3721
1481
3440
6266
1341
4122
5930
2327
4041
3466
3538
4623
173
3584
4612
5370
4595
2861
5827
1736
3926
3762
5879
611
4443
6893
2733
311
3173
3902
2726
1615
4849
4330
2595
1682
986
3280
3753
1372
2378
4998
1419
5567
2742
6363
1206
2762
6161
5386
3159
2232
4229
2883
89
343
6936
4087
2969
6966
412
2799
5302
3352
6064
4549
1283
723
303
931
5791
484
5608
2672
6225
1056
2704
440
3869
3560
7000
6434
2838
1768
5774
6891
3249
6985
2611
2247
3772
2710
1057
1036
298
4343
2929
3266
5296
1436
6158
578
1032
5580
274
1169
5537
3882
3575
2772
1846
6812
4168
6901
4298
2296
2240
4582
5983
3825
2178
1635
1243
682
6968
5496
6895
3621
6767
2513
6987
3253
1556
5850
1118
756
1523
5971
265
4821
5459
6680
759
676
2425
3281
1071
1622
2889
5310
6544
206
2391
1957
209
1038
4603
3183
1907
1245
1930
180
5245
5961
5225
4129
3910
67
2603
3880
5134
252
5031
2282
4883
2558
4464
5211
1104
997
6603
1066
6027
2317
6415
547
3747
5436
3696
3302
1101
3243
4550
2499
60
6241
1737
2521
4985
1017
6187
2098
975
2439
3612
3663
2548
5127
456
4656
1172
5276
2206
5887
295
5080
1197
2879
4203
2840
3568
6452
2453
3279
6910
6847
6884
1142
6907
722
1811
3234
2533
4535
5046
5241
5663
2850
4398
5499
3379
258
6777
3297
6945
3396
1441
5671
2649
5117
1164
1694
601
5622
5119
2559
942
3909
6095
3534
6439
377
2478
1614
4530
5489
774
6955
6637
3745
1
1204
5851
2339
1083
364
664
3614
719
4204
6368
3149
6750
1328
6585
1749
3027
6345
2935
2584
1842
2154
2079
893
4184
4028
1552
4068
6405
5089
6644
967
2564
866
2468
6883
5616
1693
1762
1185
1548
4819
630
99
3495
5098
4652
4075
966
4454
3458
6214
4315
1790
2075
4815
6057
2123
6394
273
5952
6953
5250
4902
3608
2950
3791
2574
5801
3684
3966
5817
3224
4716
4363
697
3705
294
5266
2396
3930
1917
5227
5568
5678
6093
724
4171
1989
3239
1742
6707
4831
4774
6533
6770
2066
5411
6466
5918
5222
6814
3217
1258
4134
2449
3800
4231
340
3131
859
6379
2720
3498
6261
5923
4702
494
4469
2765
2248
520
952
5842
3366
3468
5145
4159
6346
2855
992
1780
5333
2147
2132
4670
5507
4566
4299
1492
1674
795
1425
3794
2269
3832
5792
394
6653
126
6586
4620
3862
6600
6397
323
5944
1801
2776
6657
322
5843
379
4382
1335
2276
1035
3165
6275
349
3563
5835
2445
4556
3479
5189
1557
806
2957
6792
5011
2771
5136
632
2964
4323
886
932
3835
699
3648
991
4421
1553
1592
5298
4896
813
4532
3500
5210
5207
4491
4386
6738
5618
2697
5819
73
3796
1144
6613
1116
3346
4590
3070
5545
2934
716
4132
1500
1025
374
177
4039
4484
2170
2684
789
2805
5259
1751
4698
3945
577
6236
1685
113
3108
1710
847
6785
853
1538
1238
5405
2159
2292
5633
3515
2311
5820
2947
1897
1744
428
586
312
5510
5893
6150
3292
6969
4948
5331
1349
439
6205
6365
465
6097
3030
5051
2839
82
640
1151
809
6730
6404
5757
3525
160
5142
4901
6111
2490
5686
4115
637
4374
6952
2691
6590
4482
3942
6239
3191
3324
5976
6829
4689
5147
2185
6817
6425
6684
4460
6182
3353
1849
2793
192
2258
5018
4274
34
3040
2231
2657
5041
2203
1666
5552
3722
91
6909
6841
3694
2032
2408
3122
3801
4249
263
5229
5226
6526
742
1948
71
5376
85
4680
4506
163
3405
1683
6286
5135
3295
4014
3101
1279
6319
4653
5977
6545
3948
4225
6751
5481
3647
2698
539
4911
4735
528
2077
2990
3316
2585
3813
6165
6451
2627
4894
760
2046
1146
2767
4157
1089
147
3597
1013
863
2551
1643
1018
4695
1786
5889
6614
4391
4523
3754
3931
4912
1681
5462
2227
3425
6096
6284
4217
5232
4602
781
538
5541
1020
3550
569
3805
4021
2321
6327
3617
1876
5653
3
238
4449
4004
4166
6355
1364
5114
1040
2749
3436
1954
4682
2658
3053
6618
5703
5484
6290
3811
6823
5782
2515
6038
5839
915
1094
1911
5724
228
4783
5071
76
1902
2410
4477
3464
3168
2306
5299
6998
2869
5610
4005
678
6197
1767
982
2739
2509
1581
3961
2560
3980
2854
1378
3255
4351
3193
1427
5085
6875
2712
2888
327
4198
438
5831
162
2760
6897
4810
3044
2750
3625
2860
6858
6929
2230
4586
2630
6933
6918
6543
5745
3489
1850
1648
3641
1593
6949
3923
507
3076
1014
6517
6668
2523
143
2653
5364
92
5368
5201
1237
5257
6194
534
1383
5228
3850
6604
6810
3952
1321
2785
2980
2040
3335
4052
6129
6562
4931
1899
226
369
1345
1354
5636
1001
6552
6761
2891
4054
5652
6986
619
1654
6765
6790
1708
81
5279
683
1560
5497
6522
2963
4773
6981
2047
6411
1105
4596
3038
2057
503
1848
2797
2828
2951
2665
4461
1082
6783
679
4478
1814
4764
2994
1072
2482
1234
924
4084
5129
336
476
5651
469
4533
6643
2029
3873
6551
6882
6136
3859
247
3895
3441
2189
6144
3419
4885
6322
5984
6550
2304
576
3037
2620
2679
1141
3918
3915
776
4412
1167
3155
4390
2366
800
884
1011
1855
5288
3413
1520
3968
5853
880
422
2201
811
3678
1940
5327
833
1240
3430
6217
1910
4817
681
747
3362
72
2392
5781
2652
6059
5557
3169
4033
5168
3431
445
1678
2638
5068
3898
2151
495
406
5877
4434
6300
5244
3637
3047
6288
3282
4172
2685
4664
6082
1233
4082
899
3872
5454
2019
6077
6227
1721
6612
3896
5761
5512
4733
84
1129
4966
922
5416
3450
5840
5719
560
4205
119
2323
5784
221
2432
4186
3763
828
6463
4776
3786
1299
2608
3385
297
4798
2128
6655
5420
943
3257
6440
4254
2198
4713
1990
1451
5905
856
2286
3572
6013
6561
77
1471
2105
1208
5435
2666
3350
6664
1889
2734
393
4778
3808
4333
6659
1074
948
733
6199
5940
4162
6811
5748
3751
388
4755
950
4405
6575
1728
5933
1887
1804
6410
1586
3176
6099
5591
4663
4723
6671
2663
4331
564
765
6255
6722
1679
141
5529
4707
2955
1819
5004
3313
4565
1127
97
4546
300
4637
4938
2423
4402
6725
289
3618
6880
1763
3209
5234
5255
3050
3180
2078
6689
708
862
549
6708
1290
1037
5994
6069
894
1070
3262
2202
1662
1820
6834
6982
1456
1250
17
1913
1740
6759
4769
1058
4825
3616
5904
3878
1647
450
5768
5555
5021
6119
4790
6429
266
436
4718
461
5565
1048
3927
2473
1278
2939
2719
2158
1159
4632
1530
2787
6732
2255
4079
4648
6762
2972
2102
6661
721
1200
933
4380
157
6020
5970
306
5054
1317
4856
1415
6654
4925
3667
6160
2281
5165
656
2904
3141
1319
6113
5042
3979
4458
2479
6083
5169
68
4522
2908
3205
5151
5472
4899
6957
6898
6311
5793
2329
2031
6716
5921
425
2314
6530
4429
3004
1006
1779
6850
3776
198
2278
2175
5534
2683
6734
2615
2497
2129
6808
2743
3492
475
1998
2529
6273
4173
6278
3460
2251
5418
2177
259
6024
4942
3477
3768
2271
4401
5078
3823
86
6104
8
6153
3632
769
51
5082
2457
3976
5901
6067
4466
6364
4043
3445
5306
4192
6249
409
2297
1312
4971
2852
1608
5408
1488
3712
1788
963
3748
2983
6470
5253
2328
5679
571
709
167
1391
4095
1508
5646
3231
5272
4526
6360
877
2262
5190
548
6640
101
2118
269
1951
628
6332
3583
3956
1551
4580
6146
6040
42
1287
3298
4935
1327
2605
4002
3475
3533
3799
2164
35
6699
3826
2179
353
612
3309
1043
6805
3558
3260
3420
4686
4615
6632
1329
341
483
4135
390
3195
2644
2007
6338
1800
3589
5776
851
4016
6315
4848
5083
5863
5546
5442
1386
1568
1388
4847
5154
5179
1836
400
2628
6744
3083
6295
5036
574
4505
5928
3490
6221
5480
1953
302
2678
2642
6271
2023
6926
925
6421
3503
2285
6541
6030
1787
3756
1927
1314
4136
2761
788
4959
1318
1490
2068
1919
1268
2783
1916
6719
843
827
3284
6595
6001
3179
959
6663
6476
6048
1092
5230
6717
5498
5320
4904
4006
3640
5634
1356
2834
1162
1996
4180
1012
686
695
575
6510
4678
489
3655
6666
4456
3304
6488
2025
701
1059
2008
4457
3935
4950
4905
1121
2448
3422
5236
6334
4286
3982
2316
1585
6118
5247
5317
378
1491
6282
5756
6662
5503
1431
48
482
6924
5040
5691
5829
1294
5592
4823
6629
2858
6427
3884
4997
5886
5514
1607
4953
5315
5924
6003
782
4452
6919
537
1439
3016
5419
4167
1832
3218
508
1870
6788
649
5739
2671
1210
6940
3953
56
6280
4915
2058
4256
4785
3024
3046
5641
2700
2113
822
6312
6132
3035
837
171
3228
4843
4891
6006
1920
2064
5658
5163
3039
5695
5273
1160
1532
2928
876
1461
1465
381
2862
46
5734
6706
3783
3540
1093
2491
3457
3510
4301
1883
613
3181
4188
307
2924
2707
6061
5146
130
854
1397
901
4251
4067
2350
6073
6019
6234
674
6674
5062
3206
2757
4983
1706
6679
2714
5407
491
6972
4734
5960
5864
4944
4440
4715
5758
3071
5935
187
3189
6504
4144
4312
4355
5584
3781
3723
4185
3706
5632
6885
1445
1714
5447
5556
688
6873
4529
6076
156
5807
4684
2997
5204
3285
3483
5233
2578
3824
2759
1098
6183
5828
5911
4909
449
5504
617
2971
6462
4650
3213
4394
1423
242
6115
4086
2119
5518
3120
4410
5290
5540
4962
335
4376
3633
4610
2893
2543
4518
4248
1257
715
5668
3566
5264
4561
2464
4025
5621
4310
2336
2239
1171
5067
3306
2496
6696
5587
391
4400
4146
6531
3372
4750
5968
2919
2961
6608
3010
1856
973
1890
4277
4189
5704
6715
2554
5859
945
5762
912
3714
1212
3502
2968
5862
1861
4379
3325
2863
2868
4903
6162
487
5340
4829
286
5596
3870
6403
6088
2686
2168
6002
2438
3132
2377
5696
6267
6835
3171
5547
6565
3821
4934
4345
4494
6685
526
4797
3222
710
4479
6513
5437
2690
2827
3775
352
1554
5643
4448
1893
4756
2051
666
1099
2831
4743
2846
1752
257
5927
5550
2358
2907
521
5389
750
2205
3200
2567
441
3418
5066
1597
3877
820
590
215
4600
6515
6571
6741
1747
5707
1271
4865
5875
5061
1357
371
5406
2104
2881
5410
4571
5741
4207
1650
2895
2442
753
3609
5891
1275
5191
3110
3986
3713
9
230
1395
6712
3114
1049
2818
650
4760
3371
3322
1705
5365
3828
5445
5735
3545
3310
5483
5400
4933
545
4367
3673
568
2540
1235
615
6277
1869
6308
6479
5215
3103
1633
625
711
4178
726
2563
1878
5281
2687
6864
6806
1458
505
1108
1535
1344
4771
6131
3690
735
1933
430
1316
6390
5377
2083
6167
5081
31
6667
2718
3172
5116
3539
3163
5262
6134
6616
3018
2293
6800
5607
2597
4051
6844
2437
596
6925
6229
4334
643
857
2873
3955
6983
5730
5538
1765
1816
133
5263
6416
1664
1981
5915
3792
59
1155
4102
4752
669
3347
3007
5291
2039
3364
6801
824
6521
2080
5030
2257
2421
4918
277
1600
1501
3854
1086
3666
4083
5530
6902
3270
2982
124
3025
1289
6558
741
5919
6566
872
1750
6130
6268
5578
1489
3943
3630
5605
5975
229
3607
953
348
3535
196
1008
2688
459
6622
4739
1584
2808
316
5912
6592
3300
752
671
6778
344
5531
6597
6281
4483
6173
3199
3203
1188
5600
5178
1926
5246
1995
3491
6621
5676
2916
3145
1320
212
825
3073
1563
2522
3142
2650
6412
4830
6763
325
2030
4252
12
2856
1405
694
5865
6525
3123
4359
1646
1497
6988
6034
3788
1775
2006
2591
5897
6380
3375
6802
3229
6490
402
3626
1924
5188
3452
6540
2369
5451
2309
2849
4441
626
6758
3509
5798
1308
3387
754
5107
5415
4190
1359
6485
6878
3378
6582
3449
3829
6718
3446
6112
3995
1880
4630
2354
4578
905
69
2416
5638
4744
1390
6260
5937
5611
3962
1961
4853
4370
4169
446
926
1912
6244
3014
5162
5022
3622
3259
4123
633
2654
6647
2903
4221
2500
5705
2401
6635
3759
2274
5100
2732
2960
1885
6151
3393
6572
1549
3529
6017
2606
2770
6117
1895
4724
6724
1547
5219
4725
2788
1379
264
4362
1189
960
6831
6018
1336
435
5948
2526
6905
5044
565
4360
3134
4719
6559
1982
5526
2809
115
1199
2162
621
5656
3069
4297
1064
3444
4693
1440
4588
6044
4321
240
690
3725
4125
3012
6369
6818
1078
2505
1956
4906
879
1709
1195
345
971
6766
4414
1826
3143
4917
6911
1844
1060
3435
1430
443
5881
2774
3474
642
3360
2528
6014
488
2777
2273
2754
5440
4980
150
6676
2782
5787
80
2965
4995
3202
5846
6890
3719
63
1496
361
5020
480
1649
4031
6350
4945
651
6869
1947
1550
2332
1623
5867
4030
6086
2197
4294
5049
2224
5845
3934
87
2915
4875
3497
3152
2602
2389
1656
2134
6374
553
1610
6989
45
2067
502
411
5347
5890
6626
1884
6958
3133
3893
5260
4289
6889
3273
6723
3185
5101
3541
3683
3084
698
3265
882
1730
2455
6051
4984
3235
1145
5102
6204
6126
43
4211
2343
1016
4681
3453
4232
725
4384
2106
2604
5088
1783
2622
554
6836
1100
1691
4000
267
5206
5110
3518
6974
3892
3628
567
3150
1908
2778
6934
3793
3727
6736
1668
5999
1095
478
5034
1273
2294
5164
1389
2450
610
4710
1260
572
2937
6294
1815
5810
1809
2909
4982
1483
2375
3463
3668
5118
2246
1839
1796
595
4450
6746
6754
1407
5477
1265
4989