5298
1741
7857
3306
3734
6441
1953
4517
6697
4705
3643
4178
6411
1855
1918
4167
8260
4099
8525
6120
7611
2385
7176
865
4058
695
8917
7507
1954
4948
6423
5784
6429
6877
2941
8412
2844
2922
2680
2405
5775
7296
5801
5489
285
8631
1702
4250
7476
7993
1436
5579
104
388
5502
1292
6575
1501
2364
6511
1582
574
1198
8357
6903
2760
4260
3194
7268
7615
811
5263
668
4231
8759
4972
4626
8420
245
3400
4967
1299
6027
288
1047
4965
409
7369
3169
3215
2408
5200
7978
8180
5548
2600
8855
7990
4924
5047
3976
5342
8623
8714
4464
773
5962
4996
674
3068
4791
2957
8673
3111
6635
2801
5554
7569
8635
1329
5620
6726
3831
6957
631
6803
3117
1018
6661
1742
5630
2729
3501
78
6658
596
8402
2786
735
998
7812
7563
5063
1099
287
8841
1172
4571
5806
5931
6320
5207
5720
8524
4876
6808
4152
1091
4088
1830
7815
4769
7215
220
751
8308
6472
1481
8995
4172
2764
3341
5865
7748
4389
3564
4843
5995
3791
790
2582
7849
4685
5988
3800
8802
8382
1580
1147
3589
7985
3888
7924
2888
2571
7738
6347
8997
1225
2158
1640
101
1912
1606
4890
6410
5930
4465
6060
3546
4541
8816
5518
670
8093
2455
7378
3576
1262
1623
7255
5664
6706
7061
4056
4904
1170
8150
3622
3008
4024
7898
7551
6632
1221
5973
2536
1370
8911
3657
138
7124
4344
8050
5984
8318
2615
7193
8890
6044
8251
5583
2497
291
1421
2131
6052
3446
5998
3407
6687
5926
1995
5637
7591
2892
4849
5739
5503
4139
4490
3575
6510
1020
981
4134
881
4722
3217
7530
2452
8490
2798
5823
8003
4597
1032
8867
5238
7599
959
3961
3356
3563
4009
3060
6471
8596
3159
8224
5603
1209
7212
8711
851
5752
160
2526
4077
1156
2827
5051
128
1084
5117
4281
3472
6515
4676
931
6829
5443
1642
4039
7782
965
3021
1814
1046
4883
1872
8491
1378
178
2256
2441
8293
933
6649
5510
8323
7695
3006
2506
3705
3074
5872
1034
3648
1413
3020
8379
8187
7514
4386
7029
4138
1820
351
8740
7826
3874
5778
6023
1560
3928
6494
3967
1895
8882
8520
7677
3115
1486
443
8007
1153
8528
2489
1307
7198
5154
6299
2055
2535
3270
5978
7228
1139
8482
1102
2075
4240
2643
2467
7335
4872
6417
7708
6669
1921
1004
7310
2335
2871
7316
1850
6480
2289
301
2912
4985
2965
4420
5170
5399
5432
2874
8541
7167
547
5861
141
8025
5021
5634
7031
5912
7128
3723
8155
1660
3611
5369
4385
6053
2196
775
4754
5724
6892
6074
8896
2693
2323
4540
2735
3228
5679
8514
4070
3805
6874
2377
1095
7583
5627
6576
1356
8943
6954
1789
2992
4424
7645
8620
4894
8949
3963
1036
3429
5313
200
5608
8401
4688
6779
3597
1774
6776
885
5509
5420
4980
7178
1570
1798
2040
4911
5088
3533
4955
4318
5628
577
7398
5990
2705
4762
7542
7872
3010
6768
4837
4323
3357
8534
4173
483
7438
828
8057
6374
385
6579
8398
8743
843
691
8427
1844
6912
5191
2060
5869
7185
4660
3869
359
1135
6842
6969
7799
4159
8088
3862
6760
7153
1166
3674
2241
2747
3103
8675
4703
2404
556
7021
5330
6061
6943
4081
3257
71
1250
1086
2130
2983
4718
8314
5074
595
407
5042
1059
8272
5089
6948
1659
1349
5846
1588
4478
1005
8358
7086
5337
2223
7730
452
8429
4736
4443
6737
3263
3581
6719
281
1978
6925
8787
620
905
1721
7440
8617
7101
6114
7495
6055
7187
2593
8262
8879
1729
3426
714
7648
6686
1698
1115
2029
5187
7343
7312
8163
3377
7959
40
8417
8578
4993
4583
7517
5194
1924
1290
8536
2831
6721
2691
6881
1466
4209
7665
4109
353
3437
8503
5410
5165
228
3440
5217
2749
7806
6307
8511
7005
4979
888
5723
4307
907
1750
7428
8190
4238
4120
5290
1842
5631
6078
6500
6604
3191
4751
4025
2812
3134
4609
2470
1050
5224
3724
5951
3821
3834
8052
4759
1142
1219
3366
189
2458
5830
7279
3847
3450
878
2949
1267
4180
8983
7816
8179
2316
7236
2624
7756
358
6982
5572
5959
6862
7751
8703
6860
5857
6079
2117
2198
8027
1760
939
2351
3708
2973
467
2296
4273
8702
6754
6437
6559
5736
4035
6018
2269
7842
5673
3248
5371
3863
4760
303
1853
6804
4079
7752
247
5876
1174
7434
1106
8742
4743
2929
2919
7548
5222
982
4222
2952
7626
4171
5705
3902
6972
6968
3735
8589
1994
7614
8297
5923
1274
6935
541
7447
6916
8334
2176
6638
7800
5379
2550
1419
4448
4243
6896
8140
3671
6341
7768
4533
466
8682
7780
5442
5678
425
3948
3830
1974
3778
4987
3055
7280
3428
2023
4277
2018
7963
1679
7347
8225
2226
7541
8548
8609
3520
4193
6346
1406
4481
8381
1888
2435
7910
4897
3894
7783
7862
3360
968
4801
4990
6630
8807
4486
4234
4387
7638
582
2022
1771
8194
8234
7803
87
2456
6644
1335
8903
5108
5387
2128
5009
175
8858
1988
7194
1654
5333
8789
6855
3091
511
915
2045
3129
3807
3607
5452
5975
8947
6157
8395
4712
450
5023
2867
6909
6763
2121
2797
7162
2903
5425
5749
858
6815
4045
7161
7802
2932
2853
8851
1094
1909
4436
248
3285
6584
6139
1703
8448
3238
195
1632
944
3703
7529
7483
1871
7647
5714
5939
1767
6690
763
337
3531
2843
3489
3678
2233
7033
6518
3878
1728
8198
7915
4567
249
5595
4879
8032
17
8462
35
852
5069
7987
3740
8672
8625
4578
4145
7908
4413
8895
3174
746
2699
6291
6594
948
6701
5851
217
6714
5773
2037
7074
4662
5205
8271
2820
3303
1869
3518
2706
3973
2046
894
1488
4350
4988
1748
8547
7949
8564
3152
1538
4616
2003
5731
3838
1376
6028
1211
4653
349
4292
5382
5199
3898
525
749
5433
1424
8973
7393
2930
869
345
1183
1496
21
185
223
6796
7407
7105
8719
7437
2372
4781
7286
2594
2698
7731
4935
2438
2259
8515
5515
8364
7157
4008
3368
7309
8827
1930
1514
4291
8495
3828
2245
622
4868
861
4862
578
8230
5505
5924
4669
8072
533
5622
6529
9
4220
839
2616
1082
8280
7628
7874
3699
4880
5008
4356
6248
2953
2013
340
436
1311
1491
7319
8659
432
8785
1202
5172
776
36
6277
1063
1824
7127
5987
7771
7770
5099
3031
5798
630
169
6834
8990
7544
6609
3763
8324
5340
3744
6743
8916
4641
3273
3615
8478
6755
2380
338
1630
8499
3333
5124
8729
4925
6623
8912
4278
8713
4739
459
3135
3846
6936
8065
3030
18
853
3035
7426
397
2574
2955
8286
6261
2993
5392
4295
645
8982
5845
5025
2591
8915
1957
7724
6503
313
4244
3726
1512
2750
1428
5068
3492
1190
5910
7821
8920
7058
713
1085
7208
2778
7337
4445
3034
1966
2619
4483
3689
6038
80
1958
24
7501
7539
3639
994
5562
5833
5965
5626
6235
3418
4355
2030
4957
863
2165
2540
8909
1986
1114
6493
2736
7006
2339
6030
2270
5844
5742
6439
5173
549
5613
5832
5034
3106
3239
3568
8252
5216
5100
7819
5483
5507
4101
7352
7169
8342
8738
4808
1461
1324
8326
6562
5938
4286
6085
1247
6245
7137
5825
7592
3658
6356
1800
2156
3299
1847
7610
7692
6488
3
1111
28
932
6766
6095
7256
4174
3855
5036
4440
5728
8821
2389
3937
5245
4435
2976
5560
3529
1259
3749
2188
4425
3274
517
7735
724
7769
7326
6170
5348
7912
2873
2257
3088
5144
2967
3917
813
2025
4059
221
3732
2283
5788
8590
2855
3295
8192
7221
7115
7747
5237
2709
7996
855
4648
2630
4714
3095
6296
6546
6395
3849
6762
7411
7983
2445
1208
5208
1578
6484
8559
5684
3620
8981
3841
4402
207
4052
2804
7597
7589
6698
4624
3565
4067
7895
3548
8366
5711
8346
2597
6547
2852
8546
857
1735
4815
5451
495
3993
1325
8300
8452
7055
5318
7837
1751
4328
7889
7891
1590
1357
8853
5226
6622
6455
2314
4603
8242
4766
4839
1440
8776
1676
230
4513
2465
1416
5768
2054
3466
6419
8709
259
1227
2666
727
2700
72
7225
7883
411
8463
5675
3777
2998
7531
5085
4306
7553
2838
585
6177
3150
487
89
6818
336
2858
6814
5902
8053
969
3502
255
5445
112
6657
437
1937
7302
8993
5161
1021
4186
8298
6660
2911
3944
5982
2742
2342
4324
5936
557
2686
5296
5529
1854
6176
7970
7376
152
2285
5909
4071
5209
8371
1777
4117
8725
6913
1268
8899
2312
8406
6460
7024
5700
7672
3243
5892
2846
3720
5702
2576
4836
1457
3222
1027
8438
1495
2781
3755
4887
4013
434
7013
580
3932
2678
8048
2817
8984
6960
6006
8125
2472
7839
4921
7975
7622
7523
2850
8080
62
7984
3012
5676
4613
5922
5897
4444
8824
1326
1939
744
602
2393
1662
5329
8102
6232
2896
3985
7430
7448
6888
2310
2773
174
1062
6002
3641
3628
7323
4776
5454
3320
3909
5324
8446
4622
8184
8685
5740
1517
6130
3510
1780
5745
4461
3543
8348
6457
8107
1492
6325
27
5602
4418
7360
7060
4338
6932
572
2695
3385
4574
6699
5947
8658
3099
8164
3316
3931
6144
6037
2640
3994
6587
295
7150
6964
2190
7999
6805
2160
491
6761
6474
3670
4075
15
1752
5164
22
3574
1253
5145
5741
2119
5726
4693
2854
3180
3083
6490
5447
4639
308
5001
7977
6534
5416
5610
5020
6468
833
6164
2001
5357
707
6800
2059
2000
5345
4083
8913
4577
3739
6412
5082
1231
8677
2459
571
6012
5067
7964
3227
8532
5696
3774
1998
8907
8940
4960
4697
4833
901
5852
2971
1753
4570
6991
2007
8306
2277
8996
307
2177
2907
4919
471
928
6057
1593
3487
5737
756
8721
6046
5553
7928
1776
3751
8794
7834
3979
7766
4068
1087
426
802
5789
4834
4963
7997
5393
2785
973
6368
8355
8233
3619
5767
8375
4265
3272
47
5814
4477
993
150
2375
3768
2204
6990
5783
1497
2094
41
3522
1664
7446
4726
3850
8833
2552
7956
5341
1903
334
4241
4673
648
930
4016
8217
7457
3826
7691
6005
4611
7668
2366
5315
3087
4235
405
6436
5412
7277
3968
4446
7267
6150
6161
5113
6385
1474
6065
8818
8694
3483
6770
6567
8554
8481
3259
167
4768
8322
4522
7253
1764
4929
926
5473
8764
7502
7792
6799
7449
8442
7085
3434
5751
3875
4731
1551
7944
4406
4185
1952
5032
3186
1348
5662
7608
3940
660
2933
7649
5176
5413
8471
3467
5474
1403
8579
653
8951
2028
1016
657
2578
7389
859
1945
6900
8857
6634
6393
6063
5046
1722
2717
641
1418
2743
4531
4089
2047
835
5519
2217
1390
7087
4753
6983
1572
6482
2311
2169
4371
2338
3281
3793
8110
8045
3481
6773
8236
4934
5338
3040
3052
633
673
7170
3549
5279
4556
8931
5966
2657
2887
8430
1692
5271
3044
5316
7635
5462
5434
8141
6801
7015
1894
5171
8424
3408
3632
3897
1618
1783
6889
6062
494
11
8965
957
8479
8652
8484
3421
3756
3330
4512
8674
2062
4651
3139
4142
5027
1573
537
4951
8783
4176
2544
5911
6363
719
2138
2972
5639
286
6409
8091
4061
7737
2530
5506
7556
6108
2803
1479
4576
67
3927
7151
4021
4137
6448
1779
1333
5616
8736
4121
1638
2934
168
8771
7263
7051
6645
807
6140
1504
6033
3319
8887
4282
8089
4627
2765
106
7460
1552
2
1152
3496
8960
8409
8309
438
7892
8131
4600
1179
3537
3551
1887
2584
6915
8373
8869
4986
2945
7841
2872
4187
3920
6846
1
3362
8626
5091
7301
8616
5567
3592
7629
8948
7749
4818
6923
1808
6785
454
373
9000
2541
6577
1360
8467
2286
5974
1426
4373
8538
3221
8304
8837
3120
8900
4258
6259
3945
1736
363
2008
3465
1837
1408
8767
8167
315
5565
8606
8560
105
1080
5157
6318
5331
46
1880
5761
3177
5535
2677
5945
8761
3682
3425
4730
5294
8521
770
1926
3145
3302
8036
6807
6633
8001
6825
6240
4369
8311
6821
3005
7278
4930
3417
6931
935
1216
725
567
4487
2415
7469
7488
8210
8806
3700
1935
8610
4516
937
3181
8791
8516
7518
979
8506
2570
4194
594
1045
4266
6430
8133
8237
7053
7696
7818
7494
8283
2832
825
7331
6383
1161
5856
1295
6238
8507
2057
335
401
1442
6740
4399
3338
3119
2337
129
772
7148
7995
1833
5558
5571
6
8577
2492
6775
6255
5799
8739
1685
5889
5730
382
8477
8205
1914
5905
2977
700
7817
5306
8745
6717
4561
2231
6692
1343
3627
7515
6316
4636
2443
5461
5636
7965
6271
412
875
687
7357
701
523
187
6689
3951
4153
4710
1532
3399
5533
3236
5941
1670
5546
6571
8123
4895
5471
711
5419
5642
8369
3591
7025
3350
6096
8628
4857
4982
3759
527
6813
4767
3901
135
5853
6859
3667
6207
4905
2376
2710
8633
5195
8509
3710
6525
5709
7702
3086
7921
2721
2899
8469
123
2460
3451
1811
2469
2632
733
5680
8642
3372
3946
5203
1620
7877
290
7621
3046
4012
2105
5517
8016
5426
3077
5777
1423
2819
2104
7394
4909
753
7144
671
2278
4007
1275
3474
3960
4308
7049
5820
1607
4823
4315
7633
4588
4706
7699
144
6197
7798
4500
4792
2260
7660
5044
5336
8376
2036
1788
2212
2620
891
4755
5793
6886
1079
7295
431
8575
5439
3881
6428
4053
1634
2610
6996
8999
1109
3252
1162
7132
1520
5648
3237
7650
2987
1715
6416
3011
1092
2328
4200
2240
5703
2848
6671
8428
688
6560
614
4332
651
2215
2964
5261
8109
7234
3441
2569
8106
2343
8897
8618
3249
917
7383
3203
2807
2791
5003
6489
8927
2758
476
3702
898
8611
6573
6047
5698
8386
2246
2034
1548
5563
7444
6214
3079
1987
2247
2143
3170
5013
6400
8957
377
396
1982
2490
2230
3348
3977
3737
4247
6864
539
8216
6365
5094
2468
7907
7285
681
5989
2902
2500
6637
625
2088
5885
149
7414
722
3220
8329
1554
8613
7499
8813
3811
2387
789
2634
3255
4793
778
6797
2572
2602
2828
1791
5835
2414
5743
8487
1585
658
2679
5268
3488
414
877
4284
8135
4565
7567
4964
91
5791
8551
8970
31
3784
747
3719
6134
8407
3309
5204
7934
836
2523
6216
5550
1441
7097
2527
3889
8591
3463
4493
5653
1627
5882
1149
3647
7287
5944
6811
822
370
2411
5929
2766
162
4248
5385
7522
3104
5267
8708
500
7658
116
8127
56
1587
613
1200
6918
6792
1291
7453
497
5328
1743
4928
7
3210
4824
1206
8176
7173
999
1083
2258
5771
5733
8700
5514
5417
8485
818
1120
3500
8926
6580
5716
4527
2321
52
6014
2622
7619
1781
8095
7399
3213
5651
6058
4799
8303
3131
1699
1435
8044
5564
7201
7520
3730
6599
6361
3827
4339
762
8266
7487
7071
8480
4341
6113
4694
6313
6334
1550
870
4902
2512
103
5155
1745
6875
5581
715
5274
6971
4473
8151
3258
4457
974
1244
7979
2248
8805
7637
2227
4272
3609
8814
1507
3539
3246
7917
4794
803
8727
4845
2313
752
6145
6382
3078
6487
479
2883
7847
5704
1429
240
589
806
8445
867
2168
5753
7492
4227
5244
3157
1636
6486
7456
3230
5520
6715
2178
1883
2429
1616
1730
1666
2224
8419
8240
4863
6662
7788
892
1621
6355
2225
5248
6249
6731
6068
7829
7040
4873
199
3982
3168
5779
1810
5134
2219
7404
3654
5762
3144
3941
4098
296
1420
4891
1392
3617
2802
2253
170
4606
2320
5899
5151
1599
601
8519
3413
1707
8468
6827
6149
2567
8878
8766
7836
7478
5070
7452
5186
8504
1137
8847
1965
8079
3815
1260
1453
4784
219
7490
5485
4937
8202
866
7951
2056
2237
3908
617
6908
8142
1363
4149
7852
1055
5769
2875
2442
779
7773
1611
4761
1448
7727
6765
1437
6524
3475
7879
2142
2145
4049
2772
8543
3860
8704
3986
7474
7091
2725
384
5415
3680
6856
8067
4201
6230
3412
8932
7555
6498
5487
8426
3313
8690
6934
5697
6465
988
3292
3709
8278
6466
2417
8924
8353
6399
3153
5350
8043
3312
3009
7199
1971
125
1323
3211
7224
3801
8319
8367
4944
3345
8712
6203
8203
7213
7258
8333
560
6275
7942
4501
2197
6456
8316
1862
7865
3192
2305
1101
2280
26
1371
4772
5949
254
8022
3714
4569
7098
374
1906
7229
5153
5541
8905
3430
8904
2401
3112
6284
1943
3491
5937
49
7893
7497
2398
518
6627
6955
8597
5971
7871
4586
709
1187
8542
7923
2647
767
2211
7868
7913
8572
4114
3587
7371
417
4362
4635
1455
3887
2905
276
4999
5011
2664
3405
4132
2800
3663
1595
6029
3935
3028
4494
6267
6742
8755
8638
4514
1605
3822
4975
1817
7463
1024
8963
880
6653
5481
3254
6709
7340
6879
7866
8571
8662
297
264
6375
6651
1409
6183
4580
6756
5084
8647
3731
8944
6293
6225
1610
6082
4128
3395
2557
5523
2856
3566
3359
2639
5871
8148
6603
7972
7905
427
4256
4005
2701
8454
8064
1065
5524
6704
7293
6019
227
3460
8212
3042
2769
7830
3586
3971
7595
3284
406
3304
4549
4428
4544
2087
1237
8508
8051
8390
6910
6421
3865
267
8259
8289
6563
4126
3886
2868
214
5591
504
8313
2757
2214
2759
2908
6303
8030
8305
1653
3715
7807
1738
4051
1553
235
5299
8100
6568
4681
4055
899
7424
6328
6917
6832
120
6901
2549
1251
786
8388
7700
5147
5919
2629
2444
458
5556
7946
7588
1088
4959
6541
4028
4585
7107
618
1123
2501
2397
1529
5123
954
7059
7243
5920
7662
7054
7716
8980
5467
6301
3939
2869
731
7374
5256
96
2655
6557
3813
2341
6610
1603
8975
6732
1709
4085
3085
3713
6198
5822
3471
6094
6100
6179
1601
8968
3590
7673
4946
8476
1124
6394
2488
4181
627
1765
1230
3253
1669
8489
2421
8649
2979
7158
7274
7291
5759
3725
1980
5275
2048
3183
644
7403
7763
7582
4430
3318
3836
7007
6885
4354
2373
2099
3704
2638
2805
7284
1281
8669
8594
7171
7571
2978
1452
184
2333
5792
643
7141
1044
3770
4218
591
2861
4582
7822
2024
5374
6310
4252
3871
3913
1705
1816
1566
2400
418
4202
2242
7032
2752
6822
7640
222
4048
7339
5370
805
2587
7420
7843
1108
6810
2096
5197
8639
8726
4913
808
2555
5250
3697
5378
5576
5665
1350
6572
5600
4453
6614
1341
1252
1615
3409
2012
7292
5422
2514
1678
990
3762
1802
1110
3185
381
2508
1130
2834
534
6980
2939
3193
1197
710
4811
5136
4073
961
8165
7356
6426
4064
3346
5040
2406
316
3987
8396
4283
7019
2521
6333
311
2897
900
6442
1917
3785
4452
4125
6041
3794
4503
3458
5547
6848
1908
6369
1744
5373
2082
8213
7496
7275
2865
6270
7634
3212
1836
1805
3921
8312
5649
6738
2402
5601
8502
6246
7106
5327
260
2426
6705
5127
5776
208
568
6122
4488
535
7126
498
6118
8239
5129
1665
7390
6707
2157
7820
522
3216
4523
8545
7209
1936
4974
3665
4421
7035
4852
4017
4865
7311
3266
5582
6298
4537
4211
8731
1445
7570
8254
237
2818
8801
8122
6509
5158
4817
669
6168
1157
5230
1199
2604
1103
7929
8384
3796
2340
3896
6853
2051
7513
2623
8526
4150
63
5288
410
7755
7694
2058
5858
1555
729
7493
4065
3837
8823
7639
2617
5050
8039
5251
1258
5681
1804
7121
4084
6977
703
4276
2050
4860
6387
8119
526
3599
6676
8570
7554
6370
1598
1790
3370
742
4050
5400
6126
6735
1033
7774
3506
2918
4458
4197
111
4898
2126
6090
4485
7156
8622
2565
1622
3196
6823
5994
5592
1527
7704
4429
5840
1689
4605
2334
2449
3082
5598
2631
1526
4690
1322
8460
7498
730
8959
3335
860
2649
1056
1867
7598
8279
862
7002
488
1819
4020
1386
7396
1238
8031
73
4640
4504
6433
242
7332
6099
5289
8744
8588
4317
2542
4141
6128
963
4310
7693
8863
7047
2331
3176
4917
2586
4333
2222
1369
8086
7264
8646
960
5927
6566
8862
4027
8540
5650
2548
3369
5981
764
8608
7358
5896
8188
7412
2562
515
6729
456
3873
2645
4788
8828
6523
1321
2419
6865
7503
7644
562
1257
2563
364
1425
7034
5605
8315
7914
846
7320
8763
1068
3532
3286
4778
3519
4419
8681
7705
689
2209
4535
2513
7585
1256
3604
5921
4758
4116
7947
231
7775
7706
263
7242
642
8029
7165
5192
4191
2895
2969
2564
4958
950
7537
139
4589
777
4594
2306
4391
4423
224
8601
661
1667
250
3175
6639
5950
3819
3080
8066
1365
8648
1143
7968
2658
7772
4144
492
7527
2345
6789
2857
1285
2454
8684
6162
2451
5254
2412
3757
5868
3829
3550
3673
7697
8387
7604
7300
7218
4378
372
7741
8656
3381
8836
2005
4249
1727
5812
4242
8728
5166
6132
218
7432
2386
1188
1229
4475
13
6217
8598
605
2352
3553
6947
1723
2779
5624
2886
2595
1218
140
8227
6077
4707
1482
3782
1976
812
2014
5532
3225
8069
2491
5906
3900
6379
8859
8000
2049
5130
796
6512
503
8235
8350
2187
1451
5617
5842
5024
2095
3127
6381
55
6528
1226
8568
4437
5178
659
4103
3045
7512
8717
3498
5972
3584
1028
2859
5221
6167
5690
7328
2107
6920
5133
2192
7794
8998
5578
8668
8231
3328
6205
4460
5643
5332
4884
8825
5424
943
4136
1248
6670
3108
3972
8898
1373
1766
7245
8173
8760
2775
1181
1308
2627
2279
7613
6388
6617
2646
3808
5119
4018
3942
5073
2829
3232
6612
2189
5233
421
7272
8865
448
2365
955
6592
8660
3666
7361
791
4022
8172
6521
4157
8774
5986
7373
5266
5661
6652
610
1794
1159
1375
1864
552
8500
3649
202
2673
8201
6591
6712
7372
7276
7707
8811
1602
3706
3772
1296
1478
3651
1821
697
7557
4552
5363
3290
8439
341
2407
3173
804
4724
521
4677
6001
465
4366
3497
8028
8219
626
3179
8397
2298
2618
1328
7062
6893
8317
5190
99
7018
3727
8971
3442
800
6380
5935
8605
2175
2146
7733
5152
8871
6979
1464
4093
5242
1012
5818
5542
5996
506
640
3397
7939
7988
6694
4619
5586
1364
1049
108
2961
5688
4383
4147
3007
5644
519
7809
2450
30
3072
2573
6317
8881
6733
6274
4263
4447
3538
4189
8241
4285
1205
6309
1925
7387
8839
6009
5641
5403
8258
1035
4822
2715
3825
6427
3278
2744
2790
6543
6588
2495
8290
2633
6771
8421
3637
4432
1695
1530
7683
2845
3334
7143
5991
3540
5674
7848
7521
8757
7142
480
4379
4030
4394
6688
3195
5302
8796
2399
6131
1856
2681
7761
5757
7762
5090
774
6376
389
7814
876
3610
5118
1234
1487
3147
7265
3032
2727
6051
8706
1472
6378
5574
3504
6907
244
2532
5448
3844
1690
6386
5960
2229
4532
306
1807
3140
472
8953
3556
7759
2878
241
439
156
32
8580
3962
5521
6454
6229
2350
5383
5097
8458
5786
7859
7249
1904
6508
8754
4365
1310
8799
2793
8292
3245
171
6516
7824
5883
7698
8362
3633
4376
6590
4026
7933
1071
446
8344
7247
4143
7888
1910
312
2473
600
1450
143
6286
4932
5441
8199
7643
6146
769
1002
686
694
646
3816
1563
6791
2799
3783
592
8883
528
2719
8921
5247
1746
3490
7163
4412
481
1003
1683
6413
4054
8718
4866
2795
929
8584
5265
2697
7734
1608
904
6654
989
754
8011
7014
3616
5295
4148
7618
7745
1391
7630
4877
678
6946
2487
2195
3870
4661
8664
4374
8365
2988
6648
6747
2148
984
664
5907
2851
2300
4388
5431
8145
1076
1128
6331
8723
2457
3769
4835
2477
1313
8168
8087
922
6759
6239
5283
5480
8431
4062
6093
3630
873
1875
3411
2155
8404
6234
6481
4598
6626
2052
1929
7916
5103
8354
4254
2809
3975
4621
6504
5460
5149
2754
5058
39
2984
1470
8209
3244
5287
3842
7656
2483
6975
5810
6904
1484
561
6941
6695
4548
7385
2975
4810
3729
6371
4579
66
8274
5607
4733
1846
6431
3001
3799
2422
823
8581
4113
3571
8945
7088
8812
490
232
3482
5484
6351
2732
2830
5043
8191
6364
4973
5007
2915
2870
896
6016
5396
2044
2243
4620
1467
3307
5496
889
8084
7489
3132
4342
8120
912
5459
6476
8600
8320
1163
6302
5770
2319
5218
6405
603
8063
4165
4316
7099
2599
684
7491
6256
1477
2776
2606
5635
7028
2580
5308
7037
7273
2134
8177
7345
8410
5135
1996
7206
2688
593
3854
3182
3686
3876
280
6673
1539
7344
5695
4245
2354
6352
6210
3623
7233
569
408
51
6339
4670
6872
4581
8034
4111
7593
2281
2665
8868
2782
5
6315
8749
7682
5925
2916
2504
7786
2784
2427
3758
7876
3114
4593
172
4642
8215
7041
5886
2881
666
8068
8097
847
445
5884
6013
4259
6357
5815
1503
2531
3288
3877
2762
2383
8886
3240
5555
2737
6985
3644
5499
7878
976
279
5365
8567
3839
1432
5182
4228
5677
5687
3640
3081
7536
3746
784
2981
5531
2255
8961
7222
4851
4422
7307
8249
6219
4765
4233
1439
3172
6348
1534
1067
391
1708
1944
4716
6869
4795
8062
8537
5701
5654
6828
8157
3461
4280
1704
6124
623
8146
3638
2078
4647
5048
4553
2362
3098
6155
6849
2433
1650
6782
3378
1732
2739
7467
6598
6905
4601
3995
8103
7036
8393
6344
8284
3267
4563
2667
4239
7605
8872
7549
8255
8989
7962
7838
5120
4994
6279
6838
890
3527
2636
3014
1984
3054
8746
7607
2244
8447
2147
6507
8701
5811
2360
1542
7417
1701
97
1609
2603
7760
986
8004
8683
225
4854
1803
3298
2159
342
5516
5381
7562
8472
8494
7192
343
7851
5893
4347
3733
8331
5980
501
4469
1113
4271
7145
5750
8038
8780
1806
392
4335
4786
4875
5785
3436
8870
1537
6723
5156
1318
1213
5492
1647
4463
7584
1843
4195
8160
102
7401
4658
84
8288
3956
3577
4405
1916
7744
7726
3414
8134
4415
7659
2221
736
7625
809
864
5140
25
3526
4744
7139
2517
1899
8986
8139
2625
1799
3835
5493
3019
8697
6945
186
1772
3130
8832
4482
3443
5946
7134
2682
198
5719
7641
7627
5269
7519
3402
1297
4542
2546
3668
6961
8075
8181
5167
7713
8985
4655
8954
7991
8082
8720
7181
277
8295
6718
121
1368
8475
2730
5163
1797
4404
1832
814
5504
7832
2519
1719
8083
1319
6672
8619
7511
1489
5071
4348
6135
5549
3634
3866
7616
1933
3803
5795
598
6418
5914
4545
6342
4962
2950
2558
7000
5401
1454
6999
4496
7045
7855
2925
3075
1584
5252
4989
3953
8747
474
4664
7473
7632
8118
8707
365
7220
2347
8422
5394
5142
3642
7084
1107
6470
6640
5537
7131
2714
6663
4325
6824
8117
2291
5475
4551
650
8238
8486
8465
3205
3178
8978
3843
7722
5028
7348
3354
4950
7533
5229
4331
1286
1359
7897
6180
4162
8436
3297
8910
4439
3750
6190
4686
7801
5568
5098
7298
4438
1073
5803
7825
4080
4728
4519
328
469
1118
4179
6793
1354
4417
2995
5967
829
5347
2687
4829
7844
7191
8232
5754
1460
5344
6728
5472
2290
8352
1414
3477
8296
1955
4082
4298
1941
6659
499
8111
3388
8585
1383
4750
3480
4977
8790
3050
7237
6447
3721
3256
4708
5404
183
6878
3885
468
1562
8411
4505
4275
118
6123
7579
3892
6050
4672
5490
1236
6984
6749
3027
6914
2702
2684
7525
921
7785
6039
6252
2349
5059
2963
8492
2009
5456
7020
12
4886
8444
7081
7351
1559
5855
1058
8337
6066
4543
4518
8602
3776
8966
4327
4956
1535
5848
4667
7419
8666
6906
8341
7667
7994
3364
1089
7355
1565
6276
5264
3197
4474
5669
6373
1361
1164
4874
7303
2589
4470
3595
60
8073
3231
2004
8661
2213
8211
738
4096
4131
8988
1203
2499
7719
6464
3579
2346
5206
3748
8972
5075
3305
8987
212
7304
45
5465
4349
6008
5829
37
4715
8566
4699
59
4066
6326
1352
3269
8885
793
5469
3598
6125
4182
6757
5137
7172
2789
8741
70
7543
2621
3141
3064
5437
3955
7675
918
3416
1568
2821
5933
7954
3452
7475
4168
4654
3048
7248
7283
3396
151
8094
8644
4916
7397
8826
1287
6398
6939
2796
3524
7386
7485
3325
5961
3861
4826
2170
544
7957
5101
7271
6434
6253
5874
1500
5095
6119
2704
142
750
7666
1278
6446
8936
6514
3809
5015
3214
5072
8132
6613
6283
3613
7864
6072
2294
1201
1191
2112
2931
5390
7930
2588
213
449
6360
6294
4370
5468
924
7354
2898
8
6681
2329
1841
8096
6422
6716
226
2637
2249
1645
4359
8696
3067
7042
7102
5512
4666
1734
3523
531
5934
54
7076
7767
7919
1977
7175
7955
210
2115
7969
4321
7606
3547
298
2559
3569
1175
3797
2332
4107
8942
7109
8113
8060
7093
2794
7290
3301
2661
6467
3818
5623
2937
2026
2943
1684
5805
273
8939
5189
5970
6843
5239
5663
8005
4129
2236
6151
1182
4539
1656
977
293
5992
4226
271
7652
6397
4363
6332
817
5132
3736
440
294
2140
6978
6327
7534
4216
6890
4105
1196
1643
3766
1571
8026
3981
257
5657
1949
65
4102
8748
5105
7758
8449
2379
3433
2885
5260
1983
6191
81
743
8024
3923
2370
132
3457
7586
4192
1374
3716
1950
3070
1132
2367
6188
702
4821
5958
2179
5890
8077
4031
7069
3495
5522
3806
8573
7065
7336
3872
3164
2394
1502
6178
8781
94
4203
4830
1564
3109
6196
7089
4995
2914
6928
1613
6998
3966
2476
2608
586
5368
7690
7550
4805
4796
536
4779
913
1763
615
5065
275
4441
5317
378
4257
2089
7813
7147
5686
8946
543
2566
5800
3907
8377
2502
485
7183
4927
1277
7909
4680
6949
2474
7160
6995
5125
7721
5446
6384
1235
2596
1747
1037
6192
1619
6753
6628
4764
361
2137
1449
655
4732
7750
1681
493
6741
478
7113
3275
7742
383
7308
8624
2478
2032
6967
8758
6358
1680
404
8653
705
6682
4892
6830
1822
1381
619
3455
5525
7715
8734
6956
3061
4659
1544
20
6035
3277
5494
879
6997
2418
6867
1561
2434
2826
3373
6414
4401
6678
672
1740
5343
882
2172
8040
5121
2125
304
1233
5614
1644
4940
6420
1920
819
8565
3264
4011
5585
1039
8200
8437
6492
2904
6338
5916
4749
2161
7425
5621
1600
3891
256
6871
7120
1136
2085
4106
8687
5319
2423
5849
7989
3138
4492
4783
1430
1511
6993
8768
3530
3110
2374
5053
1839
369
2288
3271
6555
1279
2644
7325
1438
693
7182
7925
3384
2413
2997
7262
7063
2958
3022
7422
4479
4725
6769
3845
7282
1651
6010
838
2485
4650
8830
927
4859
3978
3280
848
4087
5045
1446
8544
3676
8518
8291
8535
6080
6953
3621
5763
1518
7010
4169
2430
1125
2074
5228
7948
4204
8569
23
6774
636
3544
3990
3224
1040
3695
5246
3462
647
4497
8047
4747
1126
5824
3235
4196
5540
5727
3154
7787
3824
4802
2864
8607
8351
1963
5640
5488
1825
6513
4346
188
676
7664
4976
6530
7833
4889
6165
6710
6290
8561
6483
3393
7578
4449
964
4652
4175
4223
6233
7136
1266
1860
5356
1756
7112
3515
8583
1633
403
77
1061
6007
1011
3624
6611
895
3427
367
8423
1051
3166
5500
3013
4682
2879
8389
1657
3347
502
584
565
4643
6247
4451
1713
6443
8689
5131
5304
3952
292
6350
4340
2322
7723
83
3382
2149
7998
1334
5364
5212
8657
7712
6958
832
430
6680
8488
4723
8339
6561
3394
464
4489
2534
8137
1362
4735
3323
3478
2271
1975
3327
1873
5188
7445
7108
7315
2751
8256
6894
1009
6067
3570
2761
8849
3848
1459
3250
3747
2327
5014
4047
7920
5903
3308
6798
3573
7246
2792
4119
3922
8161
5839
1385
6495
7075
6600
8464
7180
460
3321
8002
4683
3043
7257
8576
923
2814
6527
6574
3162
1589
4790
3265
4547
7252
5458
2292
4224
2100
4941
4029
3560
4943
5280
4855
8014
3499
7560
3336
8456
5738
6451
8126
7711
4076
350
2777
1129
4573
7470
7540
616
6359
3155
6882
4297
1898
6281
5999
3260
5146
1288
5997
4737
1901
1718
4575
252
5402
3989
5580
6211
7023
8804
4433
1483
3653
637
3456
3893
6169
8018
5110
6107
6159
2921
7270
3969
8778
5706
6839
6031
4261
8549
8512
524
8092
2863
7918
3406
1545
4312
8880
5066
5611
253
2208
7896
400
8645
8171
8114
1347
1093
5449
1314
5109
795
2806
4780
868
5913
6556
5106
1948
2425
7454
771
5002
5590
2324
3209
2043
2234
5609
4713
7676
8307
7207
4908
1338
5219
4375
1158
8844
8268
6026
1154
2862
6401
4807
6311
323
696
6499
4456
1185
5781
4146
3123
2437
3925
3118
8178
5612
3241
4678
5102
272
7981
7781
971
4968
3679
7845
783
1519
6786
4844
197
5834
5115
3687
8061
6228
7808
7982
7380
7122
6852
4998
2063
1946
2097
2685
7651
8692
300
3857
4847
4785
4931
2173
551
113
7003
2273
5376
7746
3003
2917
3445
163
2308
2368
8147
2388
8101
2676
6390
4467
5717
1706
2650
6133
2287
180
2509
3026
3906
2302
6187
6593
8336
5940
7382
4938
3431
5055
1631
2670
2348
2355
7870
6345
6636
5006
1030
2184
4920
505
3105
7835
5932
7684
6304
8207
2077
4033
685
8378
2027
6569
2171
4329
8663
7116
787
8587
2690
1712
3282
4564
8671
3202
7388
3449
5351
8338
3361
5470
2199
7609
652
2268
1731
53
3208
6137
6558
4691
5821
5652
2363
4631
4992
4230
6631
441
6199
4397
1505
978
2480
7205
1031
2774
7391
6404
2109
2154
906
6258
7011
8817
1658
1964
3207
1017
1626
5672
5629
5561
2297
1851
7366
8129
3669
8071
3116
1693
6288
4322
5143
2893
5619
3344
992
2191
309
6098
1961
1951
3204
1433
1594
6105
1254
8531
2537
3464
4112
48
3439
5428
1070
4633
1304
2692
6944
6319
4414
5511
1105
8893
3635
7481
6844
5210
457
489
3136
4638
1395
2496
1029
5322
8498
2628
6478
7379
2069
8777
5211
1057
394
4816
3300
780
8143
4499
6025
799
4740
2193
6752
683
5087
7464
134
532
3596
6884
5589
1112
5037
4918
2538
1305
1919
5128
2641
2768
7904
7875
8562
4696
7967
7297
3970
1981
1228
8501
19
6049
6088
2935
1468
5049
1173
1052
3090
5691
8556
8967
3645
43
3601
1025
3895
1412
8637
6517
1444
6540
7482
6269
428
3795
6272
2944
5847
5873
3415
6668
2481
4614
4357
6452
2561
4462
6501
1902
7867
7732
1859
7458
8527
6166
8889
7400
4525
2876
606
8992
1525
2318
2239
6084
1469
4381
3470
4687
7226
8842
6017
2106
3851
1096
1177
4163
1117
6086
6924
6841
2153
6951
1019
2991
3422
4396
7856
8699
115
7601
2371
201
4798
6876
5918
6582
3832
5314
996
5685
7462
6289
4692
5358
5323
5772
2906
8159
3864
3453
3608
2711
2583
3057
8693
3933
7671
2999
1097
6154
1427
3690
4515
4775
2073
7016
3910
8962
5312
7048
261
6424
6873
980
3728
5715
5528
5201
1586
3317
2770
6650
8958
2675
3983
8695
2093
1387
2986
5111
4426
2353
1940
6643
6595
5881
176
5466
4771
6544
7050
5421
4901
2033
5249
7881
1673
7313
7565
2940
3557
7574
2144
6477
5080
2447
3852
4398
872
2928
5038
1628
4856
3511
2493
3798
559
470
7441
4041
4302
538
5388
8310
4337
6048
2840
145
1989
8361
6021
7945
7210
2787
7465
5713
6101
1013
5325
1165
4555
1700
3965
2395
7211
82
5976
2938
2141
1327
1541
4154
1294
8347
2220
656
347
3234
6597
4804
8854
4572
1597
7250
1499
3206
5086
8021
7790
3066
5746
4608
3200
8453
7653
1145
416
6282
5438
8698
8640
1865
6040
8497
8788
4313
2728
7642
7784
2262
2325
251
8770
6142
4072
5879
5384
7477
3521
4675
7937
7413
5054
1215
1367
611
8136
827
4264
1577
8400
7754
6463
7154
972
4674
7718
7703
5215
2613
2672
8773
2927
1171
6444
5748
8374
6172
1022
6684
266
3554
7958
7068
6195
2092
5407
2825
3582
1870
5372
4668
7346
4416
2303
2716
5877
258
5078
1146
6554
1786
1549
4382
5104
6780
7202
4100
5389
2660
6306
4199
3974
3094
2866
4850
461
7468
5545
4831
1404
1054
7472
1922
3787
7681
1840
5227
5169
6389
7976
3583
4459
4032
5122
4827
8006
734
8121
7528
7179
856
1931
3950
4773
2284
6425
1686
3311
1546
558
4158
8550
2250
8033
7686
6519
5837
4878
3508
7149
5255
1193
1384
739
4787
6323
5534
6194
3817
86
2053
1973
1207
317
5796
7288
4630
8539
1639
2835
8670
8782
7244
649
6665
8056
5817
4907
8275
1001
6656
4036
903
2114
6722
1617
7791
5159
3999
5699
5174
7177
1389
8415
6870
6287
4526
3002
3761
7552
4663
4104
6020
2703
7429
5526
2926
346
2403
2990
8901
4742
7238
5362
2462
7405
5349
6091
2663
4407
3882
824
6812
8049
3516
1397
6937
629
7992
5782
3165
6045
1513
4019
4074
1540
7961
7887
8856
2274
4208
2525
6111
268
1210
173
8020
6647
798
8517
5593
1353
6840
3000
2720
5718
2605
5575
6583
5478
3823
380
3190
5721
8408
820
6209
6297
4912
3711
5813
376
4046
1827
5797
2102
6836
2936
874
3143
2847
7506
8733
5596
5411
6552
4135
2498
8496
8090
8615
831
5809
5646
331
1770
5508
5138
4069
5185
29
2275
5081
1614
1905
7427
6459
3929
8866
5878
92
8108
122
4841
3786
5816
7350
6929
1127
4557
7566
555
357
1189
8557
1490
7980
2180
6075
8128
7911
1968
6335
1677
628
5656
1885
958
1725
8287
597
3517
1510
7317
5214
1893
1178
1801
5056
4558
3867
1991
8810
2076
8204
2263
6921
2755
2084
1340
1463
5041
4210
3097
512
8214
6147
1400
3161
2505
2511
6268
1176
114
4806
3743
1301
768
2163
5353
8414
1007
320
6744
4364
2261
952
2133
3149
3629
4351
8786
3788
810
4867
402
5236
1320
2252
5477
6148
1222
7423
5427
3371
7232
6696
587
3092
7230
7104
4763
7854
5092
706
7392
6835
2183
6193
5732
6994
34
1121
4309
3390
5277
4819
3745
8643
5538
576
6204
1848
3625
720
7960
2575
8752
4091
8592
2068
4214
3218
7039
2067
1838
2560
1344
7196
8059
5064
7186
6034
6655
4623
3037
2228
3528
4777
2836
1434
2510
7190
8797
7931
3102
3856
6942
608
7203
3358
7410
5180
1330
7095
8629
146
548
7504
6117
8650
3038
5083
4057
732
6966
3698
5202
3603
1411
4253
1263
5787
204
6103
2808
1306
3163
2136
3229
3771
6863
6354
6243
1878
6189
4274
7299
1648
6402
1758
1242
8115
6206
1382
6087
1140
7235
2203
3126
8335
7333
5894
1243
1812
2205
3363
2272
3289
398
7146
1144
5310
7901
4903
7580
5928
3780
3486
375
3089
2960
3189
583
5952
995
8473
2118
1431
3187
6962
74
3063
4584
3379
6940
8158
2304
8680
462
424
3992
6537
3636
6143
3324
3915
4097
1380
6479
5667
1345
5765
2002
3184
5444
3029
5854
8941
2361
6794
2968
4617
5139
2609
6781
3438
356
69
2669
5917
5126
1696
4184
1081
8220
5552
4044
4377
530
3753
7442
5352
5658
8076
4984
1399
5802
3918
6186
3712
8435
318
8716
5544
4511
7436
3142
1649
6221
154
1992
5004
1596
8873
2396
6231
2194
283
8820
8441
8522
7416
2913
508
5463
8769
1074
348
7789
8678
1557
2592
1090
8667
6153
6608
269
270
8994
5093
3594
5405
7546
3148
3514
1276
1691
3279
6042
7661
5964
8474
6213
5232
5061
6615
4198
5764
2683
6666
5141
6831
5954
1923
1773
6629
7710
5577
5355
1835
8976
7111
6127
1762
5904
2547
5019
920
7572
588
243
4078
3349
4115
3996
3198
5057
7538
4820
2235
4721
4933
2741
496
6607
8193
6181
5588
3593
2970
5708
2733
5569
1592
2920
5599
1134
3310
1694
1150
1122
4403
5291
1761
7189
7612
3580
5391
6469
6585
1641
344
690
329
4358
8470
339
57
545
2090
1879
4656
7362
3914
6071
3525
4745
7135
677
3069
7764
7624
157
1567
2391
7338
6329
4906
4530
2668
1298
5018
3468
4566
3675
2824
4591
484
6642
3479
5755
1293
3701
3122
8793
6163
1312
3775
2579
4060
6076
282
6263
2017
8875
3558
8008
8483
8877
801
3100
5397
354
886
2015
8392
1240
4004
6321
4848
3545
7776
1168
8182
8450
1192
1116
1775
147
2251
6396
6526
1897
2315
6236
6250
6620
2309
1195
4870
5804
6461
8466
3242
2201
6605
2061
1528
2110
4411
2815
4720
3376
4508
3534
93
8294
704
6462
7119
6987
4858
5198
234
6522
6218
4846
581
3493
289
1261
429
1069
2889
7736
2081
6158
5983
7952
6616
5398
1782
8552
2129
5367
2293
4237
7133
8612
6898
8055
7590
4752
737
8149
4023
1778
2410
3542
2849
1815
1884
6104
1536
3626
2238
4704
8325
5005
3137
6787
7670
7130
6542
8340
1522
330
6305
991
4353
7008
5414
5181
4001
2299
7526
2446
4124
665
8247
2839
2880
1972
1138
1506
5710
3093
945
6171
85
8085
3790
792
2767
2884
7823
7805
8130
1245
1255
2712
5455
2135
1223
607
8185
8574
1169
554
4164
4319
1960
1515
1060
6891
5880
7778
5272
3444
7155
7777
667
4922
7714
6751
6764
7269
6278
75
6182
8175
4942
4936
8800
7223
3578
482
1167
1886
1336
1852
6116
2266
942
6330
2942
1283
4495
1896
7701
699
3536
61
2877
5836
1471
2210
4122
1393
6820
1524
8451
5766
6337
8226
8440
1675
44
5026
679
4255
1217
8078
4521
599
3672
6322
10
8923
2860
7066
5559
8686
6251
5729
6109
1784
8332
8418
4689
1934
319
3355
8834
4700
2064
4123
5213
7408
745
8705
4502
1180
4538
6683
1100
7459
4127
5234
4649
8928
475
3018
4267
1402
3926
7863
127
6973
4628
682
5486
2524
1155
8054
2723
50
4789
3340
7451
2019
3039
379
423
8010
5464
8074
8861
8433
2543
4212
7886
6816
8363
6532
830
7117
6280
90
5862
1272
3899
1317
2753
7321
4595
7067
1637
2813
8630
7926
3219
698
3167
5859
7484
4213
6700
4997
6809
7532
3251
2409
1716
5409
486
4711
16
390
1624
6850
871
1075
3988
6833
2891
7001
8846
3853
3424
6054
1714
6257
1556
8124
2811
8775
5670
5366
6959
1970
4698
5692
6930
6817
3957
355
7869
3380
910
133
8892
4596
4251
2471
325
5175
7603
3552
1204
4300
2577
5284
8228
5309
5193
6549
7906
4534
6241
68
7418
1754
1749
8189
7353
2980
7559
3684
1000
6536
1398
8017
8908
6200
6976
6974
3420
635
393
6152
117
1688
849
1407
6802
6970
5278
8327
6435
4372
190
1098
6069
4983
8162
6861
5240
911
2120
196
4471
8918
757
7329
5942
7078
1787
8651
3084
4679
2528
8874
5305
8732
2103
7052
3262
529
4450
6606
8798
5386
7524
5282
5734
8166
5453
7943
908
5668
612
5543
4380
1133
7200
3681
366
8221
2265
6837
6826
1316
1858
3226
3485
2357
1064
8345
1612
1302
8582
3934
6570
8169
741
5375
5831
1682
8257
3964
5339
5948
7118
1332
2894
7966
3337
8634
5148
6136
7334
209
3107
7322
3911
8852
1710
7725
8265
7558
1148
3332
246
6933
5870
4599
3567
8819
2466
7455
6565
1346
1498
2823
2503
5957
1465
4468
2113
8930
6708
3631
1583
1273
14
1331
7753
8359
3984
8991
5168
8218
5395
1574
897
2381
8751
7577
7899
3512
7123
3693
4587
148
6059
4003
8529
158
2841
8432
8416
2518
716
6703
5436
2307
4882
936
6601
4311
1264
4455
6485
8012
2533
3494
4221
2962
3401
7103
5039
8753
3555
6266
6965
2326
5220
3383
2162
3760
126
1224
4207
419
4484
2708
4000
5895
5900
5060
3572
4108
1509
2985
7729
6254
1999
2738
6845
6664
6897
8679
953
1831
2486
433
4560
7757
4130
4400
211
3752
6667
6244
8762
1289
5361
1635
6112
2956
1015
4949
5625
4190
8391
6312
4510
1422
6691
8138
7827
1881
8264
5604
3833
7545
4896
463
4770
4644
5022
6081
5000
2837
3754
4803
4637
1629
8081
4853
177
4814
8380
5196
5707
2568
6641
5307
4345
5887
1379
553
6227
4625
4629
2039
310
3404
3476
215
7077
4287
1947
7216
3764
3315
6625
7573
4840
510
5891
1041
4871
8523
8250
1043
8223
3812
4782
4160
7129
4392
2771
3916
4454
4038
2722
2653
7431
2440
7535
1967
5594
6883
8925
1282
1997
563
4952
941
3125
3936
3071
1315
6758
3025
6602
2651
8505
3276
1576
110
2756
3096
7680
4320
850
5850
3133
7166
3314
8186
2626
6531
2083
3156
4961
5423
5566
3329
6349
8222
2810
6295
5183
2127
4604
107
766
324
4367
5429
6502
8756
3223
1358
1119
8952
1818
4206
6089
6533
7796
3741
5498
4330
5551
4832
983
3943
4825
7687
8269
2070
453
3367
6589
4568
4166
7602
3696
4914
797
8691
854
3389
8829
2696
7674
4809
8595
6922
5301
7114
3287
7138
58
4217
7435
2206
4756
4813
7860
3023
6024
4095
7402
1829
7375
6675
444
6450
564
3503
3677
6535
788
2011
5826
3954
7168
794
8860
4899
8654
883
909
1066
5457
4410
6160
6343
718
8979
938
4978
1533
8977
2598
2556
5963
4695
3535
415
8914
3959
6746
3949
8840
3980
7363
179
3036
6362
3419
8330
1990
8105
4969
6215
2689
840
8533
2152
1959
2611
4326
2515
1270
1823
7631
5898
1969
7327
2461
3685
4140
4550
1687
321
1077
765
8603
239
7793
8153
6538
3662
3004
3056
815
7617
1186
1796
3326
4746
7941
2746
4926
7174
8156
5476
6619
3691
8206
8425
5062
7365
4618
5953
3058
844
2674
8937
7384
7421
1521
7720
76
5866
2539
5633
7971
3199
3448
6624
590
7500
1938
967
7936
4408
2122
7094
2707
4546
1581
8891
7728
1956
6520
2091
2378
914
3151
3447
8058
1717
5838
6539
7046
8513
4498
8784
2101
7811
4646
4828
8196
7038
6377
216
2359
2464
5380
1523
2276
7443
6367
4225
6586
2652
1104
4536
5273
137
203
7184
8282
3947
4885
6491
5346
3646
5860
3789
7480
573
5756
8434
6724
5016
4301
8070
7486
570
740
2671
5969
4602
4384
1078
7043
1979
95
2116
513
2982
5354
6553
4797
6458
1053
5819
2439
6212
3365
327
3101
3398
3387
5570
6242
5311
5660
7938
2124
3454
7974
5888
5584
5501
4607
6550
352
1697
6784
6015
542
7657
192
6070
4719
7070
634
477
7281
6646
4293
4701
2453
6880
7765
6788
1184
6184
7932
1892
7217
1672
2042
7655
8285
8195
7927
5303
8938
3188
399
4966
2763
4709
6750
1494
2010
6273
2731
322
8356
6003
4774
761
8750
1531
7600
1246
2724
5177
7594
3814
2507
7669
1010
6473
6372
2382
7204
98
712
6092
2822
8112
305
2463
8208
7415
3201
155
6453
5052
3016
4610
1072
3375
4632
4232
2392
6036
5828
7894
5655
262
4507
8850
8023
3469
5292
5286
7797
7885
7858
7433
1516
5985
6868
3859
8676
6778
6847
2123
6438
3938
6185
2139
5694
8261
5780
2748
8710
2740
4303
7663
6866
2585
7900
4939
4010
2900
5647
2656
5794
4352
7260
5017
7935
4529
7349
4268
395
4390
5430
3505
8864
4092
6926
7564
3283
7364
1711
8461
2098
8245
3291
5010
6406
8627
5513
6222
1480
781
1911
1339
7342
940
1739
7266
1194
5360
422
3158
760
1674
5223
7140
1863
7685
7096
509
206
3767
2780
2420
7810
5235
5031
2164
5012
4034
1141
3051
4910
8413
6224
5744
6223
6950
8301
8372
6314
1366
654
4219
8724
6073
7227
1962
1048
8614
3403
2031
4559
2484
3742
238
7779
8876
3561
6115
6064
7575
7853
4431
7743
7305
7239
7409
2344
663
842
6819
1410
333
5712
4434
5908
2174
3664
3773
6981
4757
4037
3655
2166
4205
6226
8902
7395
2369
8328
2151
956
1415
5955
7717
692
5320
5406
2479
6391
4506
2635
1269
723
5482
4086
4289
6265
131
5114
7259
166
2909
2020
1845
624
3049
1874
4314
3146
5587
6353
7073
7689
1300
887
6857
5450
5096
6408
8735
6748
6173
8530
332
1443
6679
5618
6767
816
1006
1868
7330
6674
1485
3339
8510
1737
1547
442
4305
4476
5536
3998
4991
7082
2066
2954
1813
2551
191
1265
6902
5645
5682
3059
516
4900
3659
64
6621
708
2295
8765
2202
2080
6497
4671
7056
6141
632
7017
4042
6736
837
387
3810
229
1890
3435
1493
7009
3890
4520
1023
7740
6505
4727
8563
5377
3804
1655
1388
8795
130
5539
8457
1337
2254
2734
7940
7064
1877
4472
748
5231
6895
1668
6292
4118
3652
5808
6110
1220
4336
7922
7950
1372
4006
6693
8035
3015
621
3688
3779
3374
8935
8385
6083
8906
5241
8098
3722
1985
5076
1396
2522
6618
3605
5659
7318
5253
7882
4971
3261
5573
4684
6022
2416
7509
447
1401
2150
7092
7090
6988
8273
3718
4161
6986
7197
8343
821
8197
8244
8394
8715
8558
4528
4657
7596
7022
6790
970
7450
726
7831
1652
5150
8299
5774
6201
2330
6000
6260
4491
1625
3053
79
8174
916
1757
2065
6963
8737
5162
4888
7261
8243
274
2554
1558
88
7873
6407
962
7240
3513
3868
4014
6545
2959
8455
1042
4748
3781
1793
8553
1759
1473
8929
4729
1342
1861
5334
5359
360
1014
4170
966
7479
6795
6783
8599
4717
8459
5875
8722
4945
5479
4290
5285
7254
165
4334
1508
1876
7688
6121
7516
2601
5956
7406
4592
8276
2317
4864
5807
8838
5915
6581
7508
6202
2890
4634
8843
5758
3692
5693
7381
3905
8302
1575
7306
5033
6324
6449
7505
6851
951
3432
3880
7576
1889
2718
1151
4177
2358
3233
2432
2436
7370
834
6208
3820
6911
420
233
1913
507
604
6992
8046
7709
3792
3694
987
2232
5079
7359
8641
2726
4524
6989
6475
3024
5606
2996
326
2301
8919
1284
4090
7231
1768
1239
3391
3484
8183
7159
3017
5225
6725
639
8555
7840
1038
841
662
8831
4427
5864
1280
3294
5035
2994
4156
6854
4155
4442
8321
5335
1891
3386
5638
893
7195
2448
181
6129
2713
8493
6220
6899
119
109
1476
8835
8974
8808
2924
7986
5495
159
3559
3585
2267
4094
3588
5557
6927
1351
1008
3541
2662
4151
8042
7188
2648
5530
7164
2216
2086
5160
2614
3840
3912
7152
5671
8665
2181
8655
8792
6938
8253
7739
7679
1309
2264
3606
3351
2494
609
4343
2186
1026
8104
2016
4923
5867
5029
7654
1993
3331
2200
675
368
6336
161
8263
5597
4361
5666
8636
5747
6285
8443
6106
1809
7804
5943
7466
3707
7072
758
4612
8604
8360
1857
3562
8822
4615
2072
1303
1405
1604
6952
455
6564
1462
6300
1394
6578
8809
5491
6806
3650
5790
8888
5863
6713
8349
4368
38
3473
8015
520
8955
2520
5615
4947
2182
3047
2947
1733
7057
1724
1792
386
3802
284
2482
8405
5435
7510
8037
5683
8370
7973
6727
6264
5418
782
638
3683
1769
6097
42
6739
680
7044
4269
4509
2390
362
6887
7953
4645
5527
2948
7581
1458
2529
6551
100
7324
7880
6004
3883
314
4590
7083
8933
1915
4393
8270
3717
5258
3410
1866
2642
7471
2951
5293
925
2035
3322
8964
7125
8688
2071
7367
1579
4360
2989
3073
919
7289
2923
4
2207
6043
1417
6685
8019
4838
1755
7439
4299
2833
3343
6138
7850
8248
1377
3991
4741
6677
514
7314
4246
8730
7294
2816
5030
1232
2475
3124
3065
4409
194
3656
3614
1671
4480
5725
3033
7027
5116
3352
4395
413
3997
4734
5760
946
550
2545
1543
4015
3160
975
4842
8277
4215
6506
6777
755
5257
371
8894
1475
4981
2111
4133
1646
8772
2356
8779
3958
3884
5497
4294
985
2336
1942
3903
1907
4812
8116
4738
8922
8399
1241
717
5179
1795
1212
4304
6720
33
6237
3247
3879
6011
7890
8229
6340
579
265
3459
6596
8632
5689
1663
1456
6919
2910
5632
7561
3924
2132
2021
473
7030
5440
7636
1932
8593
3353
1882
2079
6496
7251
6056
5722
845
1131
1828
5901
2607
8383
997
4262
3858
947
2882
4110
4296
728
1928
3738
6175
7623
8848
8267
164
826
8246
8152
4466
6745
2581
4270
3765
8934
575
1214
451
4002
5184
2694
2654
566
5735
299
3113
6156
949
6415
4893
2590
7377
8154
3930
5259
8884
1591
1271
7884
7902
5281
6734
7846
153
4869
6548
3293
6702
6403
7100
302
3062
2431
2966
4554
7568
7620
3660
5112
3076
7079
3342
5408
2612
2788
2384
3919
6308
8803
7678
3423
1785
5297
5841
7461
6102
3602
4800
3612
4970
5243
6440
7828
2428
3296
540
1661
934
3507
759
8368
4915
2745
6262
8099
5326
8041
6174
8586
4279
1834
7861
6711
4562
3041
8009
7547
3600
8956
546
1927
7241
136
4183
4954
4665
3171
6366
193
785
8144
2038
4229
1447
124
2516
8281
8845
8950
5276
2108
1569
4881
4702
3618
5262
5968
7012
1249
2974
6772
278
182
2006
7368
2041
236
3268
1826
884
8969
6858
4040
7903
5077
5270
5843
7795
1726
6392
6445
3904
2783
3509
4288
6730
1849
2946
7026
2185
7214
1355
3128
8621
2167
5977
6032
5300
7587
1900
5321
4043
2553
2901
4188
7219
4063
4953
3392
5979
721
2424
8815
3661
902
4861
7341
435
2218
2842
7646
7080
8013
7110
8403
4236
1720
2282
5827
5107
7004
2659
3121
8170
205
6432
1160
5993