1646
1516
2982
5825
3437
5835
520
1396
1201
3372
5973
3332
1585
432
2327
5758
1795
5195
5222
303
168
5855
2674
1113
4765
859
2706
5928
4433
5273
658
832
3077
13
1862
1171
4447
1720
1222
4428
2799
309
3829
5001
4402
4996
1752
1666
5321
1428
2508
3889
370
2911
3769
468
2109
1459
2613
1660
3512
1802
134
5170
2719
5125
1837
3773
2031
1382
4422
695
4303
2264
1521
2012
2521
5950
2936
293
4388
258
3870
787
3662
4658
2898
5174
5408
223
4709
206
5260
1610
3961
3106
129
1640
5072
5061
213
5952
994
3100
3960
195
2568
461
3105
4908
3790
3622
2904
473
1785
5258
1606
4112
5709
4278
4454
2390
158
2435
3227
1873
3811
253
1846
1495
2690
2944
1155
4639
762
2308
4443
2787
585
2996
2455
5246
2823
3409
5241
1316
4453
1096
3888
2716
3882
4281
5252
3833
1310
2537
667
435
1275
5313
3248
5065
613
722
4764
2373
296
2067
5427
2454
5550
884
5936
4080
5506
2309
560
2618
3343
3857
1775
2957
4900
1714
4084
2623
1810
4655
2487
1806
2491
4085
5948
4124
2818
2386
3666
4120
5130
4416
220
1596
1679
5556
3149
2689
2540
1499
2418
5243
810
5446
3718
2117
398
5383
5845
3191
2762
4435
99
4707
5479
5633
2699
2920
3835
1000
3473
4314
5416
4783
417
5476
1086
502
352
3959
5000
3297
3291
1991
2881
355
5155
5029
321
2140
5975
3521
3426
3483
1718
5562
1708
2351
1492
1136
2321
1809
3045
3615
2671
750
1017
5377
1154
1330
4478
3760
1304
1525
3980
2536
2213
2440
104
4896
1260
3748
2079
2298
1273
2138
4573
1519
5186
5238
891
2743
4055
1512
5329
4275
4950
1108
3478
4780
2335
2985
4052
1354
3477
1561
3545
1960
2372
638
4578
5330
746
4683
3481
2393
4386
3156
2931
5889
593
590
3542
4981
2130
2013
771
1116
4738
4560
766
1803
1166
42
5721
3958
5589
1212
281
3814
3722
3656
5185
1283
3649
2899
3934
3189
5279
2003
784
821
4930
627
478
2417
1210
5081
1867
3918
530
2533
5553
1088
5202
4600
5927
4432
413
3092
287
294
5425
217
2018
2204
5167
4790
5991
2800
3307
5887
3524
2981
2486
589
1845
427
3617
3214
2709
235
4027
1165
827
4602
3386
4993
517
4081
4359
5993
5049
3358
976
4751
498
421
1346
3120
2866
4583
5670
23
2753
2021
3420
4821
3454
4238
4556
5351
5473
3369
1721
2628
3523
3226
5803
2383
5178
5340
481
1742
624
5894
2431
5658
1188
4053
4548
5217
991
1078
4918
2035
2076
3834
5725
4803
172
4298
2000
2355
2150
5959
3871
950
1539
2928
5091
5787
4775
148
2567
1649
3238
4495
5765
554
4025
3490
2227
2961
2201
2299
4820
4363
3738
3867
5937
5055
635
2284
1559
5043
2630
4310
3139
870
1754
626
2631
3041
814
2330
1353
542
3581
3991
5216
3026
5440
4663
1951
715
2162
4858
5702
2667
2910
2209
3716
1367
2489
439
338
2954
5664
1016
4331
3003
3558
3347
284
5603
2503
4387
1386
225
175
5733
2992
3049
3438
1552
4580
5838
2294
259
2326
1413
3216
275
2344
3198
895
3635
2334
3011
334
5547
1387
822
4846
536
1801
1244
2254
755
5087
5283
2513
509
5620
2255
4660
2300
4258
4007
1848
2279
2878
5596
646
5454
1784
4587
4517
1696
286
1441
477
2422
1269
4844
2550
4189
4261
3602
4987
4538
3142
4354
2238
2971
2085
2232
4338
3550
14
4382
920
1014
5164
2695
1985
5006
1816
5197
2847
2339
5455
3450
4391
2610
5157
5362
2267
2997
1526
1851
4294
1168
5357
226
65
1369
3893
4937
980
2058
4646
4627
1915
4317
5300
1434
3254
3362
3182
5124
550
5349
1070
1378
4282
5141
5396
335
4747
846
250
1152
5034
3930
3271
4793
4362
5996
5471
1762
5392
4349
1929
4964
596
1314
3153
1198
5575
202
4933
5691
640
4004
1294
5136
4111
3380
3887
649
1111
952
3028
410
174
1380
799
4414
2341
58
4916
5618
3634
5376
4390
3990
966
764
3292
4083
1326
3533
1301
3403
1135
5019
4233
617
5694
4289
5607
682
3223
5756
868
2563
3800
5692
4944
3186
2930
2844
451
3569
1271
3320
1898
2725
3752
5773
1226
2420
3804
4571
2170
433
5181
3232
5387
4311
5315
4919
880
2838
4938
3762
5945
3731
3548
3566
4728
5662
5800
961
4689
5399
4241
5537
359
4171
4099
3416
38
4890
43
3159
5285
2705
3911
1807
2983
4185
2525
3006
5699
2639
3923
437
5774
3419
4828
4509
2234
4603
1804
5360
4899
2683
60
5325
1656
2310
2395
4404
4239
1744
1306
2114
3405
3580
2189
313
3817
5338
5259
3582
4369
967
4842
4427
2497
3538
2723
831
4788
3516
4268
3215
4371
176
425
4228
2432
3166
4411
5020
5978
5559
5193
4160
1029
30
5680
1994
5729
4202
120
5522
3599
5580
4291
5763
5541
1061
3148
3647
4797
1853
5882
2381
2586
522
541
5176
4616
1772
5044
4091
2057
5493
5960
5074
1237
3096
317
3851
5135
719
1217
1755
1483
4269
5057
2323
2830
4274
167
5591
5301
3010
4889
3371
5686
3184
3900
1838
4248
4119
3015
3717
1038
1910
3414
3594
1663
1969
4341
2925
3019
208
5654
5641
5797
1637
2976
3067
807
416
5823
1597
1861
4222
3821
3446
2467
5849
270
772
198
751
3672
5448
257
3235
612
271
1582
131
1899
3630
543
1175
5893
5261
5162
2924
4668
944
5947
3469
4741
2703
4270
5636
3398
4077
3179
5429
2494
588
5932
2427
5582
2095
5230
4866
5264
4367
3520
3170
2938
2648
1455
3202
2426
395
3570
3424
3005
4594
525
2131
1302
5415
3638
5298
4923
1080
2278
1587
619
453
2144
1129
3012
2016
569
1497
3305
987
2578
1177
3387
3304
3865
4054
1715
5565
5595
1091
1307
5851
4409
860
1546
2829
5614
1572
3293
119
3140
2870
568
4617
1600
4881
2566
2399
745
4643
1688
3506
889
2233
4878
4223
2172
3683
4255
688
2504
310
4180
3508
375
707
3187
5742
5108
4197
1087
725
641
1374
3691
4229
3906
83
3339
3097
3872
2271
775
4588
1703
5571
3267
4499
4065
826
35
5626
3331
2375
2646
4864
576
4749
3839
4787
409
5857
2523
1746
4439
1662
3229
5610
5859
2512
2546
701
3034
5858
4591
1063
5022
4876
4698
973
1604
1681
2285
2980
5089
1126
2473
4157
4692
2686
5450
1727
4250
2772
5010
3698
288
4612
205
3951
532
3119
4553
557
4410
5346
3663
2773
643
2647
4224
3771
1339
905
5060
4994
3155
1240
5204
3115
3282
2839
683
2354
5121
1030
2636
79
1770
5306
694
406
1737
3764
734
3507
3463
1914
2161
2608
4356
4307
497
4834
1440
4978
5639
1689
777
266
1761
5871
135
4757
2411
899
852
3766
4483
4262
2083
3590
1232
1182
2315
2835
3263
4754
5040
52
5759
2959
2462
5743
5619
2050
1216
2593
3949
5350
1327
3713
5201
4273
3559
1990
1880
4469
5681
4536
1979
830
5054
1921
3321
3133
2215
1488
1433
1907
4395
797
5866
3256
130
1280
3693
1942
5314
1544
703
4745
2137
4942
4302
4766
3317
2211
4802
295
3824
5941
389
2104
4211
3557
5983
5684
5069
3285
5327
1466
2262
3742
17
615
2226
2419
1250
412
819
3897
2367
2317
1234
3475
5331
5119
1814
3261
4532
4221
5672
1633
325
1527
1834
3287
4318
4079
1507
3479
2642
2848
2145
5334
2702
4910
376
4130
2075
2750
4487
2069
5372
4170
1285
2474
5452
1426
3711
706
1508
1739
5579
863
31
5584
5536
2049
4629
5423
1577
1231
2902
3433
2797
1828
5172
1735
548
2837
5677
823
111
113
3838
489
4306
780
173
4152
3482
960
2400
1303
866
1334
3705
76
1657
7
2883
2649
2126
4074
2589
4801
47
5303
2905
456
5116
2596
2984
1759
3945
3732
5113
2553
965
4039
3001
843
2038
3846
1480
1849
1612
3220
1717
2127
344
1411
2429
5308
1621
2573
3998
942
839
283
1702
2268
5041
2759
1391
1520
4143
5173
1677
5369
5799
1594
4733
4438
2539
4437
2783
311
5166
2416
4059
3780
5791
2022
3946
2989
5881
3308
4360
3974
238
4647
5342
2932
2403
4421
1636
3994
1842
5587
4062
1852
3774
3363
5109
817
4746
1794
2884
4263
3258
1414
2024
2547
1498
3789
5678
4883
1321
1344
3514
5266
4633
4559
2252
1046
4355
2187
1858
2527
438
4063
5995
3703
3397
4127
2698
4375
1225
362
441
1395
5514
748
2565
2099
1452
879
156
4983
5564
666
3996
1574
1989
2850
2530
3052
1195
3578
41
1668
452
2752
2210
5576
319
44
1360
5095
1946
1598
668
1317
877
1869
2089
1132
5604
1912
4374
2361
479
3587
3099
1857
848
5801
2868
5390
2108
1972
3986
856
955
1866
4401
4756
3188
282
1895
4070
2046
1916
3319
2052
2822
3715
4729
1164
4492
4035
2148
2664
1099
697
3130
4123
3151
2002
4215
2583
2909
1050
3352
1661
169
446
3126
1224
5147
3113
4242
4203
5371
5112
2466
4941
5052
4572
3950
3955
724
4632
4254
4048
3270
5518
1984
2286
4769
1776
708
1286
2991
4897
873
4570
898
2877
579
2969
4986
1357
5384
3118
4945
1208
347
1701
1897
2482
3027
5752
3030
5829
5461
3544
5916
2825
1647
1767
1183
3853
4358
5933
2336
1122
3365
3316
2318
5913
2601
5203
2528
3484
5277
5453
4800
5676
3527
4796
4816
2963
5227
1518
1408
401
3598
3850
3349
515
1627
773
2030
3309
2404
3058
2707
2288
3073
1041
5862
1400
5051
2784
5218
4563
2281
5161
3495
3562
431
1109
1338
4335
4971
2265
3859
5738
4096
565
5567
3234
5746
3404
336
3600
1482
556
606
1117
5504
3246
5311
424
2413
2212
29
3848
513
422
1959
2609
4058
3690
3441
2056
4420
1950
1015
4861
5133
1763
1956
3456
5682
1290
3257
5600
3201
3109
3356
594
1514
3350
4806
5359
4708
1659
1651
2875
3346
302
1811
4353
3213
3038
1170
4676
1256
4346
4543
3671
3653
242
3975
511
3410
2896
2185
4216
3847
2142
4656
1377
5079
3733
2968
4301
4252
5339
3494
1040
4304
5467
3964
931
2253
3759
1373
140
2624
5685
3973
4940
4715
2956
4106
5254
3452
1958
3965
1645
324
2453
625
5616
2277
700
3737
587
4293
56
4165
3719
3497
4845
3498
5739
4734
3341
4877
854
1118
4442
4309
930
2087
763
356
580
3797
1204
3212
4782
5140
3395
4739
1192
3485
3519
326
5648
5414
3536
540
2135
2156
3645
1626
448
4090
1719
1296
510
5063
5439
1039
2160
102
1467
4206
4595
2065
835
4838
2548
3327
4562
1529
1820
1160
3078
3367
2606
3511
2313
3655
3163
2662
3051
5873
5171
385
3250
4679
1379
3546
5501
353
2788
3940
3137
2492
3063
4187
4000
1103
5463
9
4694
2522
1365
2796
1588
1042
710
5184
3370
2090
2073
3654
2888
4069
2223
581
747
5096
919
957
5524
1048
3505
2451
2092
2441
278
812
1381
1056
4050
3936
2791
791
5175
3268
676
1760
1908
3079
2617
4407
3944
1927
1151
4667
2414
3143
3725
1478
4554
1083
2292
1431
559
4832
2084
2370
1102
4681
345
5667
5569
162
5992
5118
3445
1966
3929
850
3103
2735
2498
5530
369
1535
838
5200
2496
2191
1491
5837
3089
2037
3486
4076
767
3199
5494
1756
1589
5242
4533
2860
1870
1218
2734
549
904
3368
4463
3193
1987
178
3529
3465
2468
1638
1605
2592
5244
5782
1439
5458
6000
909
4429
2704
4991
5003
3753
4836
3681
4778
5126
3114
5806
74
4138
5165
1758
1971
64
844
5689
5039
177
5910
2328
5918
4276
4546
702
3161
1345
4181
4251
3840
1562
488
4525
3002
597
1692
5085
3855
1553
1159
1855
1515
660
1105
4620
411
1511
4680
4967
4795
5690
1347
741
4047
858
5194
4134
3110
2872
454
5951
4584
1970
279
3173
4870
2061
3743
2246
2519
5036
112
4912
4024
4977
5257
5794
2882
142
792
4486
2914
1230
1977
2123
2856
414
1751
5275
5577
1603
2158
5508
2682
672
3697
4110
4456
1207
5737
4664
247
4856
2319
5856
1013
3459
4537
5872
4684
790
3455
4719
3912
4857
1617
2110
1700
753
4333
2360
2763
1484
1485
5114
2006
400
3064
4887
5030
4809
2804
3531
428
2732
3639
2183
4476
618
5757
4316
2922
1476
3046
1894
1830
1528
3439
1469
862
5875
4606
1427
5817
5754
4392
2862
5294
2795
5527
4585
2500
2564
684
82
2644
1337
3873
800
4465
1081
769
5706
5144
391
3916
681
3299
1178
1343
4520
3932
1798
2220
2775
4451
2218
2229
1819
865
3560
5863
2250
351
1964
4194
2809
4760
408
1146
4567
4789
1097
4785
3627
4006
1442
4840
2324
2946
3799
327
1530
620
4319
2499
5007
5487
1104
3988
349
677
3048
2843
3090
5234
3323
5053
1616
1741
261
3275
3303
4104
2958
728
5630
4265
2059
4528
1079
3636
3042
3933
139
4688
3816
2152
5870
1090
4671
3939
4446
3612
1246
4722
5405
2371
3023
1892
5740
67
230
2493
4968
1648
1007
2638
4687
3338
5515
269
232
2043
5749
59
2824
243
371
4336
871
4811
5482
241
3024
595
4619
2755
5660
1748
4193
5086
5388
1229
5286
5289
108
1940
1223
3745
4436
1732
928
1724
4342
1667
3818
3283
4669
4415
4440
4891
4972
5953
5265
1883
233
1366
3415
3592
2384
2999
5946
3856
659
138
3378
5563
231
2329
1058
1033
3976
5004
779
1179
3333
4763
4283
5083
614
3451
2807
2571
147
5779
2374
2365
4534
5832
1840
3025
2192
5653
2025
5868
3704
1235
2953
5250
214
221
598
3136
4966
669
2973
2442
4285
869
2580
4381
1362
2479
4833
5255
2465
786
2421
2668
3892
5707
4097
5233
3443
882
97
2669
3281
4475
5347
3457
1564
5017
1065
2694
1682
2811
4862
3081
1622
5073
2544
4628
5761
3956
3907
2490
2164
396
4648
2710
358
2535
3674
5548
4508
4191
3084
887
4125
2524
1424
5869
5502
4812
3286
3861
2047
3561
1789
648
2718
2053
2794
4674
1777
166
5012
3197
1359
25
5432
440
2433
1092
1829
1835
2040
5736
853
3687
4339
3449
1284
2350
5718
4308
968
3406
4691
2770
2033
1716
5312
847
1035
125
2196
533
629
2042
735
5962
3984
4960
197
1471
5940
2851
685
2597
2733
1350
2314
4264
4818
3751
607
2425
4696
239
1592
222
845
1538
3541
1020
1684
3302
1420
5939
201
2027
3894
484
4697
365
2516
3809
5148
5847
716
5878
1200
3709
1187
2392
5647
1602
2469
1197
472
4807
4199
3093
1249
4917
1437
1124
4002
3978
2483
2337
1045
4449
3603
4161
2248
1847
2655
5389
4232
2721
1961
4441
480
3095
5075
5345
501
3218
2008
974
5844
2088
3354
5903
3987
429
383
4516
3259
5531
5767
4266
4895
4040
963
5361
5385
804
704
3844
101
4849
2849
2470
5231
4060
3643
1631
2675
1409
3361
3967
1818
4653
5608
5974
2139
3169
970
3399
4496
2769
4192
3878
1435
2781
3730
2407
1532
2587
3667
1062
116
5014
2590
4467
1925
4256
5969
2320
4931
2895
4186
3783
4343
4593
2929
5766
712
3794
1110
5555
2091
1115
3029
462
798
739
4108
141
1900
4145
1494
4147
1736
3914
3230
5573
5760
3204
3056
4403
3072
5341
5211
1489
2263
5511
150
5381
3009
998
4557
2119
5151
2424
5071
5989
3953
4654
3447
4948
1101
5990
5355
3496
3877
4144
3525
4398
2452
4220
3999
4299
3069
4894
2448
5324
1743
2063
1153
3806
2836
3260
4906
3377
1537
679
3066
4975
5944
4690
2120
4078
5934
3290
5860
1886
1145
3803
4357
187
3909
447
3070
2369
4706
3805
3609
1522
851
5080
86
570
523
3425
4169
3233
885
3366
1683
4452
2855
1402
5274
3567
4545
5045
1949
2604
586
87
5026
5671
4226
1315
714
2
3746
2449
486
2570
1865
3031
3121
2552
1186
3192
3807
4863
611
1549
73
4150
4117
3757
5885
4472
1879
2724
3577
5904
5650
1205
5248
2231
98
1523
4347
3652
215
3272
553
4128
5430
1406
4217
1697
2599
209
4830
2598
3863
4518
3781
3813
1320
1057
4561
2782
4480
756
5153
4458
1064
2684
718
1934
3554
5332
3340
1336
3963
5276
4284
2167
5421
3176
2471
3217
341
2096
5583
2303
5585
2693
3726
4704
5326
3616
1983
4001
1822
2659
4819
3196
2143
322
5317
2921
1134
2476
1445
5398
374
4498
2711
3823
5747
1926
3922
4957
1541
2926
4126
4230
1332
5094
165
1698
634
2001
5343
1245
1629
100
675
1734
1571
2270
2430
1082
1458
5256
4068
1797
4781
1018
1695
2906
2810
1149
4522
367
3062
5481
5337
723
2776
5013
3611
4325
2867
3157
1957
444
5540
2208
1889
4882
5090
3094
2879
5899
2952
1524
228
4956
5634
1710
4735
1012
194
4605
4188
5731
2927
1059
3376
5394
1709
5226
861
364
5728
3714
4247
4701
318
1095
3400
2653
3222
4610
5985
3298
3172
2602
4590
1639
290
5949
1941
3492
3391
5640
2737
1664
3382
5489
1248
3756
4166
4723
4682
1451
5780
5850
3952
3815
185
3228
5753
4976
2068
2028
5712
5771
3675
4521
828
2356
834
4829
1388
1173
5538
1888
2871
2480
633
4320
3466
4982
3284
3269
1389
3190
5062
4156
5734
1992
10
1823
3938
3563
3423
1348
5474
1859
1282
151
5688
2687
3384
1397
4574
1272
875
4315
4519
2066
3325
1133
3770
4716
622
4642
691
4115
1051
3908
5253
3862
5997
740
3989
5382
1675
2377
2805
1114
5570
2714
781
2488
3915
1055
1162
2173
5374
4885
2060
5115
1906
3127
5309
4474
4158
2666
3501
886
4717
3385
927
304
2289
2887
2228
249
926
3712
4037
3180
3869
1550
4082
5498
5984
4089
5867
3849
382
3860
608
3828
1257
3499
1902
5956
4636
262
248
3047
5617
4010
5082
4365
4425
4958
4141
4200
514
4288
4334
3572
1143
2098
3727
656
1764
16
5839
5064
3898
3194
1277
4999
1827
2242
1141
4290
1812
3392
4092
5902
4295
70
5438
2485
3977
5499
2190
2780
3411
4179
305
2325
2029
3247
2230
872
573
5865
3646
403
4061
5223
5367
144
373
1265
5557
4959
4146
3240
4720
4057
3556
1138
5209
320
1150
3274
4249
2125
1423
2949
4184
5545
4678
4348
1077
592
2436
3396
2358
983
2509
3695
2333
316
5848
3919
3129
5804
3620
2551
4542
3836
3819
3374
2251
687
1768
3588
1782
2650
3832
485
3152
4018
2203
3854
2778
911
2036
3314
314
2532
2115
546
105
962
4485
2584
2240
3147
2178
1161
1247
2607
665
207
3082
1652
1575
507
1876
1464
1196
2221
731
1928
1289
3040
5714
2572
1403
3394
1329
2237
2434
4088
5879
251
459
2107
4322
3428
3644
1671
1680
1112
4
366
4405
2696
3000
264
2854
1641
470
2408
3402
1142
4753
5393
48
759
4431
405
1456
2561
2948
5138
2738
958
4093
5675
3668
5302
4703
3266
894
4208
127
5613
2017
2594
4854
5638
1073
984
778
2802
2852
3798
3767
563
3896
2615
5751
475
1997
254
4924
3621
2290
4344
2342
244
5775
3472
2538
528
3584
3827
3957
1493
2745
2450
2611
3901
2998
2748
5441
5635
5179
4121
5819
4253
3379
3868
4711
945
5008
3679
3921
4394
4565
1181
128
603
717
4608
5970
132
2700
4824
3979
2078
5828
3608
3618
5280
1884
2111
1278
5532
3294
1769
5896
4350
986
3053
4292
3765
3145
4198
2842
2100
3786
1860
5088
1580
2779
4426
1449
1624
2619
4101
5826
5281
711
5713
5128
2147
2463
2437
2697
1877
40
4116
765
5666
1687
3513
2812
2841
5884
3920
3614
1693
3178
742
4773
4666
5703
1791
989
3326
1705
46
1790
1745
329
4879
418
5
392
954
1655
2978
5521
2987
5708
808
1690
3579
757
1531
24
5353
5968
1765
1364
1788
3461
2947
1139
5840
1981
95
5245
1010
4936
3462
782
1607
2917
1221
312
5516
4176
1335
3841
3858
2576
3573
268
774
5436
1542
3660
3059
1569
4297
1536
4041
5496
4685
3735
4575
3413
3431
2972
4755
5673
949
2347
1071
2122
4850
1874
824
3389
840
623
5323
1931
3604
1412
1228
1923
3744
5191
4599
4038
2746
3665
5615
2398
1780
2681
5050
5105
4207
1404
2815
2658
5391
3125
664
516
4791
3539
4530
2093
1815
1796
415
3787
3203
4098
3008
3778
609
2864
3083
2080
1615
645
4175
5092
3071
3489
2651
730
578
3085
2129
3318
445
5789
4159
3543
2352
69
993
2937
5895
308
4296
4272
1864
3337
4984
4626
5067
5475
2081
2531
5755
3641
4569
896
3928
1601
3692
2511
2224
5609
4011
4379
2625
4182
1370
1098
2094
3219
2128
4592
4550
1268
1044
1299
2276
5403
1119
2456
306
4621
3852
802
2343
5240
5483
1729
3605
1172
1939
1673
5268
661
2826
3565
4212
3706
5972
63
3701
888
2461
4497
4777
181
4075
78
4493
2785
5786
4424
2517
5732
84
4300
5886
4892
651
2438
2460
939
3417
1543
5717
1215
1920
910
3982
5802
5228
1501
1976
387
4662
5745
5805
1176
5168
657
5768
5820
1191
2820
5853
5854
3551
4992
857
4853
5668
1356
3057
4009
3329
393
2041
567
2282
3830
2124
5988
2472
1453
4579
2900
5891
572
1654
1341
2168
4911
4659
5146
3793
1123
1557
72
2217
3054
80
5379
5632
3442
4332
5907
761
2379
3306
3265
5925
4914
1799
1131
3905
5892
914
5457
2307
4998
1642
3972
544
4875
246
2247
1238
4752
4589
2853
2885
3785
3510
2193
5778
4051
5386
3845
4657
34
4527
836
5720
4461
5622
85
3432
2362
2359
915
4804
1578
2136
3453
55
1363
4015
4279
1781
4700
3632
5443
1333
5601
2477
3708
2526
545
3734
331
1919
2945
1203
4482
4100
4675
815
5735
1085
4462
5198
2198
5021
2439
5335
5137
1643
4597
21
39
4541
4236
4361
693
2903
5169
5159
1450
1185
5908
2722
4033
5293
1813
4163
4630
2577
4851
3941
1893
5251
3124
4995
4622
1706
106
3899
2159
3020
381
2376
4651
1422
3583
5561
5764
2774
3242
2179
903
2520
5922
2758
796
4650
28
5103
1694
906
4623
4837
1691
3992
1323
2428
4142
1156
4515
3968
1384
5316
5368
4494
4644
4835
2720
1233
2995
3061
1308
4737
5485
1220
947
4205
3971
5413
5437
4839
1506
4566
1993
245
1043
3812
1211
5883
350
2727
37
867
2447
4649
1723
5177
360
5594
1242
5966
4396
3383
5190
236
3537
467
2507
4805
689
4786
2345
4326
5078
5812
3488
36
3373
2382
4903
5076
1922
4149
407
5637
639
487
5442
4237
1121
2717
2004
1034
5627
4477
4204
2032
5469
3886
1100
985
186
2637
289
3607
3843
1094
3032
4714
4702
5546
1432
5711
5655
4167
5914
3421
5247
876
493
1236
3509
1965
465
1288
1023
4989
4826
5370
1465
33
4915
3619
5651
3273
934
1833
5513
1998
397
5002
2023
4384
818
4464
3943
4012
1295
3296
1882
4324
2102
277
670
443
3981
2502
3547
4712
1954
379
4555
805
4872
4019
3680
1593
4686
2627
4364
5646
628
2708
2274
5586
3165
4385
2740
5042
1322
2581
386
5811
5380
829
551
4137
4323
1609
1049
4661
3312
5235
5320
1568
3884
5528
1911
4672
4177
5290
1468
4408
3277
4625
605
3035
673
5156
2501
2297
4635
1982
1206
2657
526
3502
5117
3315
2652
749
591
969
938
4523
1509
1825
2739
1279
3324
5497
3158
4615
3927
3360
5292
4243
4219
5665
5037
3631
3004
5727
5348
3606
5710
4412
3055
5701
1125
5354
999
2744
552
5160
2790
5795
3111
3747
5520
4102
5158
5769
1297
2579
5101
328
1583
1517
161
788
3503
4886
2014
956
4148
2074
4731
1945
4867
531
5426
4768
902
5611
1053
3791
2445
4434
571
3206
4107
2792
1130
3750
4131
2256
1496
3037
534
4368
19
3629
4759
32
4245
2680
4808
1896
574
1513
599
5979
5724
1309
5407
3162
3657
3564
265
5373
2612
678
5488
3088
5319
234
3597
1711
4831
1460
2595
3500
4609
3625
555
93
123
4979
2555
1028
5695
1968
5183
3460
5719
4419
1584
2813
524
154
3448
2560
4799
562
1548
1551
4005
2880
1948
1274
4743
5397
1300
5018
340
2554
918
2045
1995
2556
964
5295
2357
602
674
4732
4109
2283
2691
280
4406
423
4071
2670
680
5016
1068
2742
4724
1504
951
2236
1027
1733
4218
3200
299
348
4329
3796
3723
2873
5224
855
3016
2542
5152
4699
713
2423
3532
794
3154
2396
3700
1438
5409
5624
2534
276
2821
4162
1219
4043
3344
3749
2200
1576
2169
1630
4017
1650
2886
4455
5924
2338
5456
4961
4227
1266
2086
972
2272
1421
5919
3549
2363
4459
4286
3239
803
2214
5661
3642
2510
5358
4380
2728
2071
2385
4997
1066
1180
4814
3251
256
4727
720
5623
216
1390
504
621
583
5523
115
2340
5846
496
5098
518
3043
4634
3068
2908
5412
3995
337
3585
4848
5263
4744
3301
2182
1349
4888
5748
291
5239
5942
4665
1533
2157
1614
4902
4954
133
3167
5762
2660
2965
3528
15
5424
2605
1665
121
5911
62
929
1368
4155
2245
4601
4928
3175
1872
4767
5818
5182
2582
4244
1410
183
5104
4240
5831
1448
3104
1905
4257
4540
160
2062
2913
5433
2478
3720
4122
5419
1005
3480
2940
2186
996
3626
1392
4670
5877
4637
4939
4624
1787
1213
4168
5730
5980
698
5551
5510
841
5027
1678
4086
5833
4031
3107
1194
5410
3664
4423
2600
4776
1376
118
2890
3575
2688
655
2132
600
3761
1093
4471
3874
5971
5500
4904
2077
901
2293
3471
109
1628
1722
155
1241
2767
2964
442
5282
2011
499
4491
5574
2296
3422
2731
103
4466
997
372
51
897
5697
5046
2249
2923
5154
1401
1252
1750
2055
200
363
1909
2751
5269
1127
3355
5645
2736
2199
4921
368
2216
1444
1319
4514
4822
3518
2858
4598
300
3141
3802
2280
4551
137
5272
1479
332
3418
5192
3658
3694
3947
5784
3801
3515
1258
3336
752
3552
1006
3150
3890
2621
505
5058
3278
644
4576
5451
2457
3688
4909
5093
4103
3776
458
5472
2295
1075
193
1355
5468
4340
2243
3736
3007
2529
3017
2934
2304
3997
4003
22
4750
979
5612
3014
975
1832
1318
2009
5544
1826
5625
1566
988
5986
5726
3864
4779
170
2643
1505
4596
3050
3648
5249
1918
4328
4953
1372
1805
5120
2897
2149
721
2827
2798
5864
2574
1158
2876
1973
4190
3942
5898
5466
1843
5512
3134
4581
940
3123
2380
4372
460
1878
4586
4871
211
3969
4087
3758
384
94
1243
5207
4173
5700
4974
1560
455
2840
5841
1613
733
5917
4893
5920
1996
5428
4312
4022
5954
878
2412
3128
3225
2806
5100
5236
1361
2026
537
1885
5297
2176
990
3328
110
4951
3209
1563
2019
2446
686
3729
2388
5318
3102
2874
5304
5011
1634
5237
1731
3388
892
5068
992
3970
2966
2175
3741
1487
1436
5364
5122
4920
2194
2603
2692
4064
5417
5813
3429
1936
690
3948
4641
153
2166
3777
2633
5750
3295
5643
2585
1416
2134
4014
4129
654
2893
916
4721
1757
3696
5965
3164
527
5783
2464
2406
3330
5938
4748
959
5491
4980
4947
361
2353
1074
1418
1891
2005
5798
4841
2846
11
3530
3074
1358
5143
377
5214
726
5462
1394
2106
3021
3754
5696
584
1821
5435
5431
2506
4094
4761
143
4552
2819
5723
149
3504
5464
5262
4172
5219
4943
2935
1312
3534
5815
1457
1291
5220
5296
793
4512
833
1009
4929
1399
5134
1854
419
2661
2741
4400
5328
1988
5888
2368
4345
529
5814
1398
4488
342
3875
5629
157
5150
2475
4023
5188
1586
1259
2518
450
5288
2915
912
2645
2072
330
1611
5444
3144
4529
564
2663
4531
2239
5363
1
380
199
1766
5981
1824
1545
1026
2402
2986
4604
1004
2786
2258
4195
3526
4638
760
1962
3589
1447
5378
5477
893
1817
982
3810
4504
736
5977
1699
652
1635
1054
4932
1189
2291
1565
2793
4153
420
3825
575
2828
482
1618
3470
3108
3039
2766
5070
4855
180
1620
5284
3351
5628
2857
2620
2814
292
3160
333
491
907
4231
1474
4817
3724
4235
1783
3098
3670
179
2505
2977
4135
273
2749
5834
5578
2205
2444
5484
4370
5507
2859
535
297
4445
77
2273
4016
267
218
4448
1008
4174
2222
4151
653
5529
729
4526
2979
1554
3983
240
5366
4884
3879
4873
53
2545
3739
2713
5785
1454
92
5943
2401
4209
426
937
3359
630
806
1167
3917
4673
2656
5033
864
1407
2629
5722
5486
1591
5549
727
795
2562
3208
3237
4868
90
1632
4044
3954
5492
2206
4259
1470
3474
5994
260
5411
2034
117
1747
4988
1107
2514
4393
4935
463
1003
3364
4260
3637
91
5568
18
146
1623
5827
5123
5490
2616
5716
1025
935
1137
3686
1227
2869
1076
4794
3013
3822
4490
4183
1930
3022
1067
5572
3740
1836
5592
1383
2154
390
2834
20
3677
5790
3623
5842
5793
768
2415
2146
3568
3342
4502
1281
758
5449
3591
2101
4582
2346
2756
1674
3788
4118
1773
1325
4784
3571
1371
5420
2316
2622
3116
1429
5861
490
2141
1841
5890
122
1581
1938
4389
512
849
1486
1254
4740
3876
3276
4898
1072
5621
1037
5880
5999
2994
890
1463
2832
1730
71
4132
4901
2103
3699
4524
5605
2685
3689
5598
5270
3702
388
5215
3181
1209
5656
2180
159
5909
4377
5657
4418
4810
5957
2747
224
1933
5597
5929
189
2188
4337
820
1644
5876
2225
5097
5987
2672
5099
274
272
1540
4503
1193
1653
932
5781
3244
503
1778
315
378
2575
3902
1472
2894
981
1839
1676
1032
1311
5930
1901
4970
1903
4056
1974
2410
3231
1089
2163
5642
96
2458
5084
45
5533
3322
5480
2302
2348
1619
3669
3435
5056
1190
2943
5210
1863
1031
1967
2678
3596
4725
3407
107
1570
5830
3183
471
2378
2941
5687
4032
1239
2726
521
4825
3334
4990
5102
4611
171
671
3962
2181
1157
2048
647
4505
5005
357
4013
811
5631
971
5048
4313
3895
1214
5659
2184
2701
494
3595
3601
566
2765
1625
5495
696
2332
2322
842
913
5356
5047
2219
1599
3881
3966
2070
1021
1419
1944
770
285
2962
1002
3491
2729
5588
2816
4067
3091
2244
3659
5232
2761
145
5772
650
5305
3280
3628
547
2712
4072
2105
4843
5796
5674
1555
4113
1352
900
2112
5606
3779
3440
1808
4430
2654
732
4762
2803
5663
203
191
1935
705
933
4366
2394
5809
2305
3891
3808
4378
3710
1975
5554
3434
1106
5788
1943
3904
4713
582
5542
5931
4201
2366
2235
2833
3682
4544
4907
5525
5912
2405
26
5208
4225
4049
3245
743
577
4823
8
1060
3241
2907
941
252
5923
196
908
1199
921
4652
4026
3252
4547
1293
610
343
1573
4383
301
307
1147
4417
4399
2133
4287
5111
4949
2165
4210
5038
3185
5267
4506
1871
3910
5982
4815
663
4813
4139
785
4413
4234
631
2039
3937
1669
2177
2975
2970
4511
4095
3168
2614
3576
4905
4246
4305
2817
4705
2260
5926
1148
2679
1052
4925
3207
3883
5187
5715
5900
5543
4730
4473
2207
2918
5344
5406
3131
5967
692
2287
5599
2801
3224
977
3253
5679
1786
75
5066
1328
2768
1890
2082
163
4327
2665
5566
212
5897
184
1120
4963
1713
12
5336
2259
4607
924
2054
3412
4513
4481
3174
3476
5874
3117
4164
354
5705
4277
4558
3135
1579
469
2588
5025
4962
1774
2387
1251
5059
4726
4645
2301
2020
4613
4693
3610
2153
4500
917
5821
604
4860
2967
1393
3075
3795
27
5299
4922
2118
1019
5517
4770
3112
5015
561
4798
4136
1430
227
5921
1670
3624
474
3375
1978
1001
3866
3903
4457
1567
4105
2988
5278
2409
4677
3210
5539
4073
539
2195
3033
1446
2757
4045
1481
5229
4214
2632
1405
925
3236
404
3353
1202
5478
5792
5401
5770
1590
1475
430
1163
4042
3522
5028
4046
5808
1443
2197
2113
2541
4934
4869
5196
2261
642
5291
3018
2861
4758
3390
1917
182
1685
5333
2549
3555
4535
2269
632
1253
436
922
2241
2955
4874
263
399
3348
3574
5107
4549
5644
192
61
5744
3444
1558
5322
3784
5418
2942
4444
1712
4397
4742
2640
1255
1704
2673
3310
449
5402
3755
49
4827
1793
5213
538
4852
3924
4614
255
953
4154
394
5593
500
1753
5976
816
57
4771
1904
874
1547
3044
4352
3535
5139
5460
5998
2676
5649
936
3985
5906
190
5535
1011
4114
5434
1502
4510
3177
5212
3593
825
3335
3076
3640
5683
837
4373
5129
1875
1270
3381
3586
4376
4470
5776
4539
2559
3264
219
1728
1144
4880
2543
3313
5509
2481
2443
1022
4772
1417
323
601
4213
2257
2626
5836
744
809
616
346
3146
2993
2863
3772
1261
2311
3122
1342
3650
2174
4955
3086
5205
4178
402
2171
5400
1868
2760
4501
3211
1500
1047
1725
1184
483
3880
519
5287
5534
4792
1324
3436
4507
3775
5964
4847
5206
5810
5395
3427
5852
3926
2939
4321
5816
1800
1779
3289
2306
3826
1262
3517
1331
3087
1503
476
1856
5958
6
881
5031
4973
2151
5843
1534
4927
2557
3357
4030
2515
1340
1999
558
4952
204
4640
1477
4577
3540
4946
3685
2459
923
2635
4267
1473
3721
3993
2892
4695
4460
2389
1953
2677
2484
5652
3288
2789
3676
1267
1726
136
662
3060
3768
5225
4969
4020
4330
637
3487
1608
3885
1425
1263
5901
5963
126
1887
3613
464
5447
2495
1686
5180
4280
1461
2116
5142
2569
3132
1740
4718
4036
5698
2891
5602
3430
3458
783
1385
1298
3707
1276
3763
506
466
5552
88
5505
1140
5669
5035
2990
5503
5032
4133
5526
1672
3468
3925
3553
3243
1738
1174
3195
5519
4271
3633
3393
508
2331
1595
2845
3249
3345
4484
89
5824
2155
3065
1069
1924
152
1986
5023
5915
2933
3661
229
298
883
4021
2950
2044
2641
3311
4568
5955
2275
5127
2777
2951
3837
5077
3262
2364
3138
4196
1792
4479
1490
5961
4468
5445
495
3820
3255
5163
5807
738
2916
5822
188
2558
3673
2960
3467
3678
3300
995
2007
1844
2901
3408
5375
5741
709
5009
946
4618
5704
492
4564
948
4450
5905
3684
1351
3221
237
4965
339
1771
1658
5558
4985
1749
210
1313
434
5221
5132
3935
4140
3036
2634
1084
813
1955
2312
114
66
1415
5145
54
5459
3279
2202
5199
789
1881
5271
81
2121
457
5422
1947
1462
5777
3080
3171
4008
3782
2591
2097
3831
3913
2865
3493
3464
2730
3101
2974
124
2266
5581
3401
1963
1264
3842
4066
1292
1375
3931
5110
636
2715
776
943
1937
2391
5106
4859
1128
5024
2064
801
1913
5365
2015
1305
4034
4865
68
4913
2397
50
1169
2808
5189
3651
1980
4736
4710
2831
1932
1831
4029
2754
1024
1510
5935
5131
5465
1707
2010
4028
5352
5404
2051
1287
3728
754
1952
164
1036
5307
3792
3
978
5560
2919
5590
3205
2349
5310
699
2771
1850
2912
4926
2764
737
5693
4631
4489
5470
5149
4351
1556
4774
2889