516
5556
2036
6262
7830
4596
6294
66
4295
1220
5134
5463
4574
1887
6664
7237
85
5918
141
6686
7125
2453
7025
6693
150
4647
3200
4073
1598
3894
1016
7873
2829
5495
2180
3712
2363
3123
7387
7134
6102
2312
7975
245
1581
7197
2365
7644
7924
4302
4562
7055
3243
6877
4933
4659
2508
4924
7778
4569
1732
3662
1793
3528
4504
5061
3711
6722
7942
2765
7726
4072
3834
5548
2610
3988
2562
2340
5884
6680
4095
5242
2539
4247
4092
1829
760
5780
664
4807
2273
1250
111
1028
3647
7837
5713
4238
6055
6940
107
6678
4848
7740
4352
712
2739
1419
6332
5224
4755
2976
2422
4959
5012
5108
1897
6149
6532
2333
2327
1037
62
4225
7763
2413
3388
6857
2578
695
1502
5833
7836
4547
6594
6395
2940
6480
830
573
2210
7399
3943
941
220
1071
1477
5153
2737
5496
3499
4748
7076
4451
7064
705
3344
3190
1053
6000
419
5612
6301
3177
7192
5695
1042
5549
6791
7432
382
6968
3206
5834
7484
4458
1479
5562
4020
5311
6051
3700
2342
3431
943
4417
7704
3921
4514
973
6505
1619
6887
493
6238
4620
3316
7827
1719
5604
2178
7223
7948
4301
5993
6442
3638
7923
139
584
1679
2101
1492
2886
2431
896
3426
1046
7445
7095
94
5543
3680
1171
3799
146
4774
7199
3289
4541
1013
3294
4305
1690
4419
6491
174
7235
788
314
6956
5260
7442
5564
5408
6417
1141
5767
1668
359
4354
6290
3570
3915
4206
5236
2437
4026
964
944
3368
2399
4550
3771
5821
839
7323
6752
719
5148
1297
3735
522
2464
568
2736
7776
4944
7786
3235
5331
6405
1564
781
3851
6826
3181
6883
3033
4085
2631
920
1264
5292
2911
3715
940
6144
5473
128
6214
417
5296
115
7695
2598
7026
315
5983
5088
5399
1603
3104
4864
6537
6281
3425
6245
4227
2537
2220
2094
3000
1152
3259
6864
5247
4662
2253
7264
5490
7983
1511
6419
6700
6922
3491
1898
1215
7348
5657
2067
6962
186
3549
4995
2302
1378
7734
7651
6033
1507
4274
1889
3385
708
1824
4493
552
5540
3781
4263
3592
4460
3129
7561
992
6515
2263
2873
791
6501
4692
4776
2876
6335
409
6875
7670
6609
103
446
792
2504
1323
3782
6757
7275
6438
5480
7398
3553
7591
4972
96
2281
3640
4118
3134
898
455
100
3020
2488
4245
305
4516
5740
2214
4754
1454
7665
6083
294
5077
3743
6188
2683
3414
7215
977
4074
4051
2624
2575
6569
5579
3496
3596
6153
170
4466
1937
2294
2059
7400
7555
4761
4952
447
5835
3090
2735
2941
3946
3774
3761
4803
1637
2844
5889
6283
5371
7345
3745
2009
291
6610
3446
6930
3550
2179
5529
1379
6570
6359
6381
6960
6858
426
6341
3117
7139
7713
238
7835
5211
3300
6036
3734
7377
7699
2227
4664
404
3815
7920
7870
3923
1235
5938
6868
6765
6284
5079
7319
6966
4842
3500
541
7928
3981
3985
727
7689
4818
3219
6842
4559
2208
7382
5304
7754
2709
3833
1329
4973
7771
2766
91
1096
5661
43
1520
5668
7877
119
164
2274
1276
52
1715
3755
6673
5249
2838
1183
4361
1782
161
4110
5161
5945
6572
4760
5883
3248
3657
67
5517
6852
3380
4188
2904
491
7694
626
1178
1261
7128
4684
5937
618
6739
888
5119
7425
3940
6220
4061
3043
7085
1505
3418
915
962
6282
2679
6337
2271
7784
5702
1863
4211
1645
3041
853
5675
1542
4251
1452
5028
6764
412
1435
1643
4080
2806
6998
4122
6344
5862
3828
7230
6510
2832
3132
273
1990
4214
3337
4252
5397
6361
952
2650
3709
6589
5164
3207
3223
3052
4237
4591
1798
6195
2165
6001
7529
7677
367
996
5728
6426
1057
4746
4636
5294
677
4719
1801
2382
4841
2808
4510
6226
4409
759
4814
7719
2895
2066
5425
5329
7143
1611
5339
365
5356
4411
6179
2734
653
5415
7248
1697
5281
121
3694
5049
266
1868
486
6621
3098
6063
2817
3482
5976
6936
7466
7160
2001
2040
4347
5704
4495
895
2470
4276
264
5465
793
3346
1610
1568
6606
5448
7112
3922
7938
6831
4607
3070
5628
3258
5576
1115
368
1050
2025
832
4990
2113
1162
2774
2510
482
4806
1756
6674
7374
7545
5494
1052
2022
6583
1535
4655
7820
4871
560
6683
1630
6463
4566
4779
6535
2044
5730
2800
319
2006
5672
7867
1047
5737
354
6861
3931
4775
842
3654
3966
1346
2487
2646
3107
7232
4008
7021
6837
5858
3865
171
5373
6955
430
5076
236
7297
3100
5332
7110
2888
7641
6688
2900
2626
1147
3331
604
7714
5089
4116
355
5403
2109
1443
5850
5827
987
3081
2127
581
3038
5786
7093
2554
6792
5555
7022
1153
7378
1095
1347
5093
3999
1125
569
3707
2498
2430
4713
3229
2167
6316
6471
2322
4928
7138
7790
2119
12
5755
7588
3481
4078
982
6296
2680
3502
3023
1331
5531
4724
1367
7910
6635
2507
6780
4489
3758
2738
1789
4221
7642
3690
2522
5264
7019
7991
507
7668
641
1352
5430
2871
3399
4231
2647
4594
7872
814
2893
6928
5960
1291
1750
6449
3900
6151
4801
7782
1557
2029
1195
1772
7878
4433
2330
4275
6369
4400
7086
1569
1383
5891
3710
4981
1134
722
5072
7551
7082
2689
7242
752
7874
6008
6645
776
2926
2286
5620
673
7116
4349
2482
1266
2148
4346
7042
2839
1260
707
4207
6762
7314
7794
2612
3861
4024
3593
1755
6548
1158
3301
7273
2454
2002
1246
7985
5270
1579
1595
7118
3060
2462
422
5237
4610
2407
1020
1795
2014
5096
4104
3110
3349
1001
5586
1027
4440
1861
6632
1722
4192
2574
6978
2648
3030
2455
4735
5037
549
710
4589
6254
57
4651
631
6305
2359
1633
4641
7990
1109
910
3648
4174
387
795
5975
6216
6150
1924
1000
7494
2525
1692
4273
131
4844
6264
5176
810
1621
735
4658
5209
228
1674
3822
2620
5421
7472
6652
7477
2889
4673
3872
70
433
2731
3280
3764
4373
1943
6969
1703
5374
5998
7245
4455
995
3804
4955
6067
1257
3106
339
2831
7693
7755
2289
582
2162
2950
6348
6932
2989
5136
5648
2660
3695
2296
2323
706
7667
6075
5934
5611
5052
6382
7993
4030
7700
7638
7393
4164
1087
6204
863
3282
5017
5748
4077
6796
2843
7843
4470
6846
1797
3843
1140
6528
6137
7759
6935
3172
2087
6182
6186
7467
1872
7554
4902
4619
158
411
2782
1970
7504
4768
7610
1864
2779
6205
2763
3151
1687
437
6726
2742
5290
1197
6731
1964
4166
1223
4919
7420
7188
6708
5346
6549
597
612
1895
2863
26
3897
2795
5597
7902
6125
259
7300
4714
6142
7340
7121
4764
2692
1649
1759
6310
7882
6315
4175
5051
3251
7817
5940
2192
3644
6421
7325
5603
7657
5098
1728
6650
289
2658
1533
2402
4858
3239
5312
7887
4483
3672
2445
2762
4652
3848
6457
4089
6499
2376
1219
6794
7851
3194
1326
5238
7907
7933
1089
1832
2432
856
6851
3164
1825
3137
5841
4765
5677
6414
7594
1328
7707
1725
2368
6681
7915
130
2491
2304
3184
2718
1963
5826
6740
1942
4908
1035
4107
16
2974
3925
7756
2314
2927
6429
7322
5904
6072
6926
6128
6789
7443
5277
4997
5400
77
4082
4300
7828
5186
2259
460
5103
4343
3899
670
2819
2756
4643
179
6409
6521
1229
2421
7501
6166
4667
3991
1306
408
6175
2593
4278
2239
6809
6698
7769
1751
6231
5416
7744
3623
2546
694
5949
7251
347
5969
3633
6704
1848
1272
7765
1815
5807
1100
2248
6654
7749
2685
3886
1842
2811
7727
7200
5784
4094
1623
3814
1856
2905
7045
532
400
7634
4139
469
2050
1314
4668
1901
5069
7330
988
3354
3885
7287
6035
957
6625
4378
4186
3649
1243
3994
6984
2081
6933
7630
540
206
7385
7701
5282
7041
4886
7212
1169
6517
1202
5009
6737
6320
602
7629
2484
1997
5805
3224
6277
4925
7220
1956
4133
1440
5916
7893
4945
1121
7524
3878
1754
5602
2725
483
835
2064
3142
5685
4936
2027
5802
4778
5887
6465
1685
3618
5734
4984
7460
3645
5690
7943
546
7421
133
530
3256
4392
2187
4109
4045
6370
308
1934
7011
6838
7059
7417
3333
7412
3474
6351
5550
768
1182
2212
2656
6233
5641
4267
6709
970
7234
3507
3006
802
3876
1318
302
2458
3272
7575
3441
1675
3317
7617
5253
6086
7157
6288
4086
5580
2112
2121
2565
3517
6487
5691
750
2693
7892
1531
6224
2389
4528
3578
7996
4852
5856
7249
946
7792
6604
4679
7159
5962
1170
5863
2586
4006
7028
3387
2907
5213
6218
478
2350
1011
979
7127
2641
1189
6980
1931
1757
6058
2791
2970
1108
7539
5137
7104
1537
6586
144
3135
1698
3435
620
2577
2555
3888
36
4007
4590
3154
1200
1131
5481
301
6798
4319
180
363
440
6816
960
7600
6749
6230
3702
2166
4185
4209
3832
7073
5956
521
6349
2343
5460
7256
4916
6763
2615
7913
4048
3287
5488
230
4845
5039
6987
3926
1325
3217
7439
2848
1539
7229
1910
4486
7691
6154
4585
5337
2293
4622
2373
1332
3936
1033
3173
4406
1893
1518
234
7741
6944
3077
5526
6131
5687
5618
3113
6830
2328
3109
730
1262
6808
3277
7194
5479
1491
5570
1273
3605
56
1771
5163
1781
5619
2069
5568
6439
3155
4484
4280
1455
3975
3634
145
3620
6321
3628
2356
2406
116
1545
2748
6634
3401
4536
64
7762
3364
55
702
3891
5857
1081
6862
5484
6916
7955
4914
2908
4763
1823
4445
3526
452
7692
5001
6900
3369
2456
1602
3324
585
2551
212
7080
2986
935
6279
655
2799
7067
5087
175
1852
2890
37
4320
7471
2224
3805
6627
183
7475
5407
555
276
3516
4151
1213
4544
4152
1840
1748
5650
4653
5670
6139
3429
4363
2878
6391
7637
4403
6897
4816
7602
5155
3765
6023
4613
2057
2379
1077
362
7289
958
4789
1461
3591
5999
5245
488
1206
1342
1393
699
3908
3898
3479
5491
7154
1258
3902
3803
6140
2175
3309
905
5552
7395
388
2107
3845
2697
7697
7053
3683
6476
2262
3503
6244
2988
1353
656
1113
4261
6362
7929
657
6251
3257
7290
3741
5873
601
4533
4397
3665
4703
820
3904
6270
3772
6970
6167
950
3261
838
3470
4784
5433
4645
2477
1029
1952
6854
2117
1582
352
2102
7562
3416
5364
3191
1301
2531
6027
6665
1702
4985
6469
4727
1333
1549
7162
6602
465
1973
593
2
7040
1708
5922
642
6387
7216
6881
5149
3462
4793
331
4634
6556
2991
441
3310
5002
5972
353
7089
1030
4689
2514
6037
1217
1337
2590
7299
1589
5057
4712
4891
4870
6193
505
4289
7518
380
5450
6191
1790
3610
671
5646
617
3390
774
6623
3152
6889
1669
255
2925
6768
5349
1779
1104
4609
337
3970
5205
5986
3102
7002
5441
4777
4468
3139
7005
7177
5170
2033
2628
3376
4822
1626
7636
2068
1388
3342
1534
892
366
1114
6603
1794
4039
753
1066
118
1198
4800
6721
2367
3855
587
6250
2008
2348
448
292
1651
4994
4310
6639
3439
2035
4839
9
3004
3562
1256
4531
7094
608
6644
3228
6553
3701
7809
7001
1804
1783
4490
1547
7129
4676
6401
5435
7789
7463
1584
6437
2589
5583
3323
2147
2720
1592
4002
4299
680
3338
6913
1004
3188
6397
5626
1221
1555
307
763
562
322
2021
7570
2189
1248
6207
5880
924
5348
2416
1765
6976
4892
6356
6054
5581
3563
2207
3750
84
7538
3883
4317
4023
5261
2347
3519
475
2983
7259
4068
7675
7687
41
7658
1430
3705
4716
3144
7550
495
5796
748
2796
3124
2490
2715
5499
3890
4551
978
775
7513
5498
5468
1899
3996
3339
2793
7586
2349
5287
3153
1118
5902
3449
5418
5320
2716
1361
3410
6119
7674
6874
797
155
7831
7410
5996
2938
3059
7481
5436
6778
1442
1916
1998
5806
2339
5173
5423
3546
4742
7009
3002
6219
3312
195
2684
6331
4535
6400
4580
1190
2949
3870
4608
761
7797
4942
1188
2188
7218
5814
6043
5762
3930
2645
413
2919
5779
2316
214
2530
3210
1270
676
7416
209
7431
668
1752
1079
1060
6208
95
6203
6711
6819
278
4820
4398
6963
933
1459
5747
5932
2990
487
2604
7592
5895
7482
2110
5961
6910
153
6073
665
6643
6360
954
6274
7825
3203
1918
3457
1784
3506
4850
418
6470
4931
3226
6677
4442
5809
2521
3413
588
398
5760
7358
515
3842
5504
268
595
681
173
2442
5042
7369
2802
1843
876
4799
3292
5587
5929
1282
6679
3118
4058
2295
6849
4408
4957
4449
2309
1525
1939
2814
5852
2981
7616
6582
1234
1738
2879
711
7619
619
2601
6
7132
6084
3458
6495
1263
5005
4666
5759
7044
2256
1949
6002
804
6598
6503
7091
6892
3007
5018
2266
6756
965
2120
5458
3953
5830
2355
831
6530
4840
19
287
1841
4983
5797
5063
7488
5860
6724
5566
1285
7295
5688
5456
2630
2922
5914
5381
818
458
7563
4420
4132
3288
2752
1428
715
7864
4583
4592
4854
6813
3005
4505
5606
5758
227
4121
7900
5635
5815
2617
4624
7664
527
2643
1269
3076
504
3484
1554
6890
3613
1021
5714
2261
6433
5445
6921
2775
4927
5429
7109
3757
5655
3997
2439
7686
4410
6518
5947
5313
3737
3447
1583
2820
2892
5547
326
998
1082
3064
6399
2917
1006
6996
1647
3577
3487
3122
7392
4568
7023
4083
4838
7209
6748
5246
3026
4767
225
5372
1686
725
7149
6081
751
7829
1865
3467
528
3121
4663
3721
7335
7852
919
4797
2404
4832
1635
7315
5184
6192
3663
6009
4436
547
4232
4046
5024
5765
6372
3084
4332
6038
2910
7361
3689
1485
7505
4234
4316
1499
1303
878
3615
4473
4147
1249
6694
2335
6041
23
1992
6364
850
764
6734
7236
3684
76
3542
3527
4303
1723
6291
4249
2788
2962
1073
6377
6392
2975
6263
7838
3169
1175
5351
6071
5354
7061
3877
2135
7427
3629
7522
6551
1648
5634
2502
2043
5729
632
4044
927
304
6056
5342
675
1177
985
6242
4425
7530
659
1211
176
5812
4108
6977
4198
4894
2789
2131
662
1935
4323
5412
4126
6585
1300
3530
2037
3839
3512
1194
1401
1107
4312
5437
900
4975
2511
1551
2143
1199
410
7611
4558
5401
3632
5486
934
1123
643
669
7354
4700
1724
6047
5476
467
3478
2556
5461
2194
2852
679
4627
3536
4598
592
6306
3166
2282
2250
5266
4366
7208
2280
6619
3471
7773
2664
877
1543
275
3179
2393
1940
7017
5447
5221
4379
2158
4584
6818
3252
4148
3213
1478
4443
4911
5370
3247
1150
5179
3423
6612
918
928
2559
7655
2474
4415
3437
1613
229
7549
6468
3058
7401
3264
942
1991
554
1683
6173
7779
2994
3823
5297
3275
5533
7284
7757
639
6190
7201
4890
6308
7760
4181
7939
201
152
2100
5872
7465
2306
1510
7187
1088
4248
1154
169
5307
5071
1753
1986
6845
2549
1447
3241
7100
3233
2772
1726
5060
3381
7090
3415
6111
256
691
310
2493
4980
6591
7576
7615
2230
5590
7409
6685
4457
7853
5283
113
2741
1308
5810
7684
2401
7411
2155
7081
7161
6268
732
2168
5787
303
2669
3348
237
939
5099
5464
6888
4441
1987
4948
2236
496
7854
5344
2125
1422
6628
7166
7973
2056
6529
6452
4523
3892
6743
2784
1689
4829
6307
1854
2182
3579
4853
286
762
4511
7389
350
73
1671
6329
2776
7353
2687
5067
771
4960
1747
6812
6158
3625
4226
4834
240
4920
1717
6059
2898
5112
3485
5847
2781
7426
6057
6706
6415
2960
1049
7724
2968
4163
7179
5122
7372
5439
7175
4529
6880
2497
4146
4032
1012
233
3713
5113
3514
6557
6616
1026
5925
7997
3982
3617
5942
3525
3063
4835
7107
2077
4635
5927
4096
1760
1764
4546
3779
4951
420
2403
6319
686
6074
7344
6771
7050
674
280
580
4903
5259
3367
6116
6412
4298
921
4223
3831
262
6311
6605
2205
4375
7531
2830
4250
4340
4158
3778
5094
2383
3057
3524
5058
5395
1368
297
3112
1914
2920
5698
5228
3935
1302
1007
5169
967
1599
6181
4753
7599
6511
3214
724
4730
2629
2154
1439
2337
5143
7350
6049
248
1390
5493
7623
847
7925
2434
1917
1919
6022
647
2073
769
1339
1407
6692
981
5946
6891
4
5467
7884
5541
1070
3551
6561
4088
3045
1085
2929
7742
3973
6973
2396
6574
787
7964
7818
356
7717
7800
3643
3216
7338
216
1321
1541
2265
6472
6554
2707
5554
189
492
2875
3720
92
7764
5546
395
6821
5485
572
2041
7384
6802
3234
3948
3419
7428
3345
6856
7367
1867
2691
6211
5172
5633
3960
3742
2587
5791
7303
7861
7306
2228
215
7729
2726
3850
165
5230
4140
7903
7783
3024
2899
3893
6317
3105
6878
3281
6383
5286
1820
3818
3671
2303
3703
709
5903
5592
5978
1816
1358
2444
6538
3199
7824
5454
3304
1962
4711
5047
7210
3157
4136
607
3564
6148
7296
4888
3642
4539
2489
2364
2149
3840
4728
778
1072
6788
2020
6025
575
4492
6672
6903
6498
3433
4497
537
6779
4638
5298
817
1148
2385
4769
1494
5222
2233
7302
4970
513
3048
1417
2794
2300
3559
106
2408
60
4246
2195
3557
1503
1546
2842
7461
2972
2387
2705
2642
881
4377
506
5553
7453
3924
5131
5327
3928
4217
7357
1457
4277
7976
6431
3708
3696
5680
7798
7207
976
3791
40
261
1881
4053
2903
3114
4540
5910
4131
1413
2500
786
149
3096
5988
1508
4657
7052
2561
4875
6727
6064
6896
3543
2822
3009
4270
3919
6817
1090
6608
6201
4532
2858
7438
1187
7894
3723
5201
599
2060
7147
2495
6481
7811
5413
4573
6422
4311
3752
7483
6031
1571
6313
4160
7158
6669
7944
1002
2849
2308
6353
7279
1205
4771
1529
2132
1833
6318
140
2935
3092
2174
4507
3091
7628
5931
6828
6901
6545
2857
2805
5160
2833
4374
3673
5147
5565
6523
7270
6222
511
5048
4721
1954
1312
3768
99
5777
5489
7738
1730
1761
5739
1228
859
1462
5800
2142
6697
1561
7136
1976
4376
4090
2854
2681
4205
875
1653
4360
6513
4519
2607
5444
7383
1681
7084
2032
42
4337
773
6113
5031
2111
6328
1523
3967
5631
1298
3583
7320
697
5171
7711
5345
3147
2746
2176
6232
6836
6016
5990
3523
5991
6097
1512
4315
396
3692
4567
7337
5229
4498
728
4982
916
6630
30
4101
3384
5350
2978
3022
4119
7111
5419
157
6705
929
257
2269
553
2344
5888
3594
690
7126
7366
1396
3589
4695
5318
3054
5497
3556
5514
4525
7267
2105
7745
4230
6760
6378
4606
457
7583
1476
4640
6879
3587
1404
7716
4365
6712
757
2448
2098
2851
7033
7140
345
4422
309
2048
5478
5291
193
2979
49
2450
4520
6759
6169
7150
6939
3612
53
953
7145
263
252
2651
6848
3320
5684
5870
6253
1672
1666
2993
7480
1822
3111
2625
2581
1357
2706
29
5726
414
4496
3192
7559
7379
2634
5159
5900
1233
525
5952
5930
444
5194
402
2217
5471
7219
6286
1945
3681
142
2566
3600
6161
1075
6285
873
3497
5091
109
3639
3901
5226
4304
1776
1271
6164
3336
2771
2321
3133
535
5084
578
5864
2721
6160
784
755
348
3504
285
1293
7027
2418
1284
2753
1434
2918
2538
127
5003
4060
5100
2201
7436
2699
1143
2007
7808
566
335
6375
6257
589
5951
3040
7184
1344
2518
1831
6642
2409
5393
5746
3895
497
2083
2874
2928
4076
172
449
2540
6379
1640
1587
606
7331
7988
1957
6482
2398
1983
4740
7414
6398
3383
1810
6352
7288
334
2749
7612
4867
7536
6053
1145
4863
5558
6671
5032
5166
7799
4035
3568
3830
3706
1436
6790
7703
2433
994
1960
1796
4004
7660
6573
7537
930
2882
1638
403
7280
828
2218
5272
2682
3145
5659
39
502
4487
6869
2172
3421
4828
3360
5573
3731
4115
3929
5411
1244
204
7621
5127
2724
7725
3079
4222
1770
6338
7519
1031
7931
1769
6028
1495
5594
5428
3879
3455
7000
5823
5066
4091
7390
7437
3957
5117
6509
4826
1828
1620
6221
1890
971
4021
6029
1853
5948
7180
7391
2313
5041
3962
4194
6504
2921
6451
4697
666
7096
4958
1600
3283
3697
2937
4989
4715
885
7430
7556
3254
2605
932
7167
600
5824
1838
7457
2853
330
7885
3595
3072
4681
6723
6234
4961
3533
6592
114
4157
5705
1139
3766
1335
990
2494
2980
2961
2864
321
1340
2704
3869
5010
956
4885
1132
2136
7277
6870
4041
1878
5195
2887
192
6265
4036
4855
3412
4123
5269
211
5773
221
4383
2837
6751
7489
2912
6411
126
7447
2694
6078
5725
4037
5665
3716
2855
3250
1018
2128
1283
3083
2881
949
7422
821
4239
4877
2801
903
7597
4683
1076
7626
462
5023
7351
5192
3554
1349
1903
1944
7685
480
2338
3276
3501
1043
548
7406
6902
1544
3995
5769
5935
7866
3459
489
6658
4368
1588
5721
2223
5386
1933
3722
4329
6091
937
7922
7589
4364
7271
4616
5440
3616
7123
5323
4183
3314
7662
7364
1092
4694
6065
2934
1631
1039
2723
4618
6895
5913
5029
7609
871
833
7276
4543
6443
550
6508
4137
1402
2436
4718
3859
1363
3837
1127
2891
6659
1744
2030
1040
4326
6099
7233
1946
1032
2966
468
2859
3653
2429
3270
7977
1607
3887
4321
6143
5182
4946
2478
5642
7386
3849
3393
5255
6775
3666
5218
1180
5874
3954
3464
3939
5034
4197
7310
6371
7715
5181
1218
6100
5518
6562
3784
6543
4978
7585
3363
4099
7342
4597
542
4575
3450
6781
7967
7868
6477
7834
1883
5560
6992
3951
6123
281
734
5168
848
3211
2591
4210
223
3230
5511
2275
3012
3049
5751
2016
2197
6200
583
7753
2688
2361
1279
6454
7405
5678
1429
2945
7324
6079
6147
2346
648
1905
3067
5656
5469
4757
5790
7911
6613
3035
4674
1405
4172
2678
1527
3183
1408
5043
6799
44
3011
1501
5396
5036
1489
6843
7500
5907
6822
2267
3240
7359
4438
6176
3576
5871
5537
4530
5926
1818
3800
611
137
4219
3246
3273
4054
7702
1167
7891
7956
7986
2532
63
5251
194
1641
3266
4201
2305
5522
1656
4465
2085
5321
3032
1466
405
1803
254
5046
3389
4702
1892
6108
2264
3330
185
93
2242
1240
3658
6667
2332
3826
3443
3601
1660
5733
2446
4843
1577
4097
2103
7346
1307
5308
1136
4557
1164
7584
5731
6662
7767
2676
372
883
559
7292
1097
6770
1950
7474
6710
3726
931
1988
7435
6152
3238
4182
1120
5754
3149
6249
864
531
3914
7221
517
4243
508
7105
7260
3790
7947
7012
7502
3463
6189
6159
2997
5044
3687
4866
1906
4868
7065
6034
6082
7510
6646
7449
6172
4827
858
5524
7552
2758
6406
132
687
3660
2655
6135
3021
1694
5572
5141
5848
7795
1290
5162
4025
7247
6007
7875
4264
7622
333
332
500
4708
2695
4291
7031
5563
3120
6584
1980
1227
899
6581
5877
1380
4599
3590
3436
6090
2311
438
4112
6157
2024
594
3101
5671
5897
4671
7037
3379
7661
1536
4459
857
5452
6363
7419
5065
3812
7865
3520
2193
1948
3397
7682
3558
6937
5118
2535
2764
3522
6212
2159
1445
3168
7816
1969
4191
7490
7855
2834
4851
914
7328
2415
5111
4065
5470
3016
2086
4257
499
5959
7222
5196
1110
3128
5681
5813
7404
882
7151
1056
123
6914
7451
6246
6833
7006
4781
5718
1470
2260
5865
4208
4127
4977
7478
2913
1591
6620
5030
6018
4677
7122
7307
5890
6703
6177
3127
1844
3382
636
5301
6322
1360
1516
6389
2665
6217
5280
5844
7298
539
4707
866
2616
5107
2420
6648
4169
624
7224
2708
2835
1106
120
74
5906
7010
6146
4813
5220
5410
1406
2517
5284
590
700
3678
7213
300
2284
6614
5595
1458
6964
6446
6273
6004
6455
5585
7454
135
5817
1860
1423
375
5385
2257
5038
6394
5979
3428
1074
7206
251
2984
2461
7250
1355
7521
4353
3918
3622
399
5377
7889
3131
5853
1673
4577
7253
210
3001
3087
693
1604
3208
1236
6579
4905
824
3358
5234
5708
909
1559
2031
1469
615
6403
5964
628
4000
3537
3677
4782
5837
827
1749
4204
5257
143
1710
3567
75
6418
7802
5265
7496
1128
4308
3255
7620
7632
1375
323
5124
4823
2028
6793
2677
219
7974
7049
5207
1126
1563
5449
1799
4518
7579
2652
4939
1275
1958
5539
6814
1377
3599
3036
3492
1834
3896
5596
3729
5256
5135
2841
7190
3545
1356
5288
969
199
2329
2255
3575
1965
7712
1590
5559
1068
5627
5059
2245
6122
4184
1624
1322
7879
3884
6820
2372
7905
2662
2580
4887
3769
577
6580
551
22
4358
7413
1904
1080
1119
6994
556
7469
1381
6324
1456
6450
391
1684
1528
1941
3777
7285
1003
97
6995
4187
6127
6844
1936
20
5828
4709
6436
4294
6133
3844
357
3434
7032
1926
3050
4787
6931
4216
2866
463
5016
822
5515
7087
1398
4922
4737
6971
5881
258
7995
2571
3785
6884
1277
2550
6478
7845
3201
6718
1802
5567
453
4033
6441
5019
6118
5649
3809
4986
741
7241
4859
7492
906
6597
5492
7360
5140
1688
809
6653
6170
5768
4830
7654
5775
6085
7608
2129
7945
4256
945
3231
5724
1133
1203
7604
5026
7871
7881
4632
7650
200
247
7857
7916
1921
4382
7587
6707
7130
4161
1374
7193
1451
2906
7635
428
7024
2992
1740
1299
6946
2070
416
3540
5365
5212
7
7263
4515
889
3854
6103
7949
3998
7839
4233
1292
7497
3759
7506
7683
1061
4915
1157
1700
685
2460
3909
2696
813
4744
2750
1286
7774
4685
6355
770
2325
6494
3160
4508
2412
6209
2411
4758
3984
6247
7164
7649
1627
6687
2977
3274
4882
3598
5985
2071
235
807
6077
1
4639
4552
2004
2378
3669
5575
2860
7690
780
6761
4167
5745
2673
5299
523
3196
6350
5446
59
7971
5551
1699
1847
1350
823
7930
5875
3473
5501
3794
5700
1185
6795
4153
3802
1086
3983
1846
2019
7968
5004
7590
6326
3862
1855
646
6272
5804
1034
5338
6255
974
3398
2787
3209
6863
1295
5917
4154
3989
2622
1296
6030
4297
1370
2130
3732
7593
1977
4200
3186
5750
1560
481
5078
328
3469
2465
1907
7897
4196
3475
1168
3838
4966
2754
4992
5475
7066
1415
3532
4389
1101
1460
2427
4348
7495
2722
2760
6171
4621
6715
3321
1639
4165
5500
576
3461
667
5335
4601
4017
1509
377
7240
2397
5876
3078
1044
6979
2509
1247
6466
6094
4059
1556
5232
5133
14
5177
543
5405
1642
5262
3811
168
7937
6641
4772
5227
2552
1245
3852
3370
1137
3068
2254
5660
2206
7595
5621
1253
4612
2279
7969
5188
6758
6087
1159
716
1160
5723
7371
7079
6915
1705
6236
4431
609
3085
7934
6753
698
2231
7456
4481
7989
4447
6885
2326
6912
4548
5341
7961
2783
4654
1463
1019
4637
3866
3631
3174
2252
2374
7788
4733
6473
1022
423
907
2613
7318
7156
7652
6622
605
1704
4631
358
7918
1289
6259
6841
1562
4810
2375
65
4860
4105
5197
6447
6015
2804
4553
2505
6894
7847
7732
2012
5878
6445
5967
6010
3977
3932
4506
630
7281
213
7468
2506
1450
1955
6185
6769
4503
4242
4494
27
4429
4917
6039
386
4701
5417
7349
6840
5056
4521
4670
3327
1658
7227
3676
4084
5974
138
4811
4087
1975
704
6786
5601
980
159
840
3341
7283
439
4056
48
3031
5193
2138
536
6746
4342
2219
5064
7309
5778
6497
2602
6293
2777
4669
6533
1830
1827
1974
6289
3187
7499
1966
4571
5542
4688
129
7912
6101
6997
2000
2177
1207
167
5006
5717
796
1572
244
470
156
1524
7034
187
2865
6699
6725
3163
3775
379
7056
1294
5402
1558
98
2659
1567
3670
2951
6766
4628
2828
4739
1538
6701
2163
7074
6243
7246
7441
2513
5885
1155
4067
3541
3786
5025
6060
1444
498
2414
3355
4743
1226
5092
136
779
5623
5980
5114
1230
627
3685
2156
3972
2745
2710
1024
4414
4057
6741
6850
6105
6729
7352
6124
4564
1045
4976
1849
1338
1065
2740
6115
1618
1866
5080
4285
4439
5939
1984
1873
4394
5781
6492
3835
4579
3574
378
4162
4111
4287
4979
2657
6068
1664
298
5894
7176
2909
6490
4549
4129
2611
5014
4872
4462
485
5743
4098
3391
7462
2528
3980
6945
4706
5667
239
984
4355
2023
6720
2584
3934
3365
7826
5699
1515
4595
7581
2952
2018
2534
4691
6484
7336
696
7751
1911
384
6024
6783
6483
4805
3465
1894
4336
5630
2472
2930
1677
1354
4463
6800
198
2213
1216
4809
5761
7962
3189
3237
3535
1870
5783
6460
5422
4028
4027
7269
2352
2426
3306
1709
3115
6607
1319
1362
3565
1481
1519
2283
1736
3801
207
5105
1372
7525
6404
4950
3906
912
6785
5801
7743
1232
7163
6714
4145
3686
2798
5831
7849
1636
2061
826
4296
7433
5701
7862
3626
7890
5235
6767
2053
5104
2943
6552
2076
5075
2627
5442
524
7801
5398
6975
3529
5909
7168
689
1788
2171
2971
5165
5732
6373
2573
7083
7780
1985
110
6199
4630
3728
1174
2291
6163
6228
3407
3268
2026
6558
4879
6178
5950
1023
6839
862
7919
1320
7666
4135
7258
4052
959
6578
3603
7643
1735
4837
4642
2536
6927
5360
7791
1038
6985
6095
112
38
7909
6965
3974
3440
5968
2381
7876
7787
7088
4393
5110
1729
7567
7535
2034
6525
975
4884
466
2017
6388
7498
3608
2074
3103
5316
2246
3767
3947
5662
1094
3635
5822
5593
4124
3776
4749
2588
3039
5309
3748
4173
6611
6107
754
5013
5654
5977
6938
4344
4114
1225
6893
913
1513
7004
224
162
5248
2185
5637
1051
3404
5763
435
7541
7238
7265
1947
2049
336
3071
7204
3417
880
7370
4963
1496
4220
5896
3544
2013
5040
2545
1874
6600
101
1036
4224
33
3093
4949
5521
3571
184
1473
2751
3569
3074
3679
5867
6462
2196
4144
5849
7429
4334
6280
5535
3560
650
5652
373
5368
6042
2963
2038
7018
2010
1691
1763
7959
1993
3829
4833
7174
713
5851
7272
5774
2543
4912
1186
6006
2080
861
6210
4179
5757
3406
3227
7527
3408
5027
961
733
7671
6390
6649
1231
4362
2792
2744
6448
4286
3682
1482
3917
5240
7120
3664
1888
4710
397
4918
7452
1204
459
5175
4461
6527
4849
160
5538
83
5414
5919
4269
860
5744
1063
7178
1386
4821
4565
7896
4066
2572
7901
5617
1652
369
723
2357
4512
7569
6918
3014
3311
5716
5126
5152
2170
5366
340
61
7899
2483
3756
5319
6507
4430
1859
5086
7965
50
986
4759
4770
2826
3912
966
2998
7863
3028
3328
5243
660
178
5928
2476
3372
6298
2632
2812
3992
2947
4381
5045
5434
4861
6333
5125
4401
2047
7508
6615
2181
7182
1069
3987
2639
2667
6299
4450
6194
7984
2544
2084
6141
218
7038
2847
5924
5868
1310
1488
6777
6367
7542
2807
6346
1654
7673
6546
1192
4824
6003
2240
1634
2095
7203
7598
3806
1885
4633
2786
1612
6624
5582
7057
2204
7846
7647
872
436
1731
2089
4656
7733
1517
503
6587
7119
6823
2058
6020
6516
2743
7396
5711
3993
736
5250
3286
2362
5866
5647
7723
6261
316
6750
6534
5081
887
520
3445
4904
1706
4974
2301
4578
3165
767
4587
6983
7950
3019
1010
5696
1667
3232
4881
4745
4513
3856
5645
2595
6098
4808
3853
2635
6162
5204
360
3051
4629
6555
2288
3356
177
5347
1382
1659
2936
6271
2341
6453
3375
6920
7476
1281
6595
4725
3945
841
2473
7047
3291
2948
231
3585
6899
2126
654
5033
1420
6637
3308
703
1880
5933
7578
2711
6052
4318
1879
45
747
4699
3377
260
3396
3351
7564
2729
7487
1959
5443
2039
1334
5438
2116
1657
2592
6223
7777
102
1676
3357
3817
3073
7186
854
2767
7071
5357
4660
7356
3505
6947
5752
6904
3244
2441
5361
3944
5588
329
7987
6999
1394
7459
6303
5534
4734
4923
7117
4766
2690
5505
6568
2579
3220
4785
2671
7072
1078
5532
6456
3788
3602
6354
34
3719
3725
7688
4241
484
570
2232
7278
7286
720
7137
1714
4998
7721
3202
4762
2964
3733
1209
3513
3508
1161
7172
2877
6334
3141
5709
765
5146
4680
7770
1084
1821
1103
293
7098
908
385
2351
7553
5389
6104
5943
4517
5970
1151
6666
250
2999
5941
7424
1493
4790
4825
5508
565
6489
4171
2653
6407
5719
5289
1315
4956
5123
6782
3034
2258
1255
2377
2663
3265
3651
3911
3959
6695
1693
811
7979
4212
6691
7035
7807
3284
7058
3958
3650
47
1015
7544
6787
3539
5613
6187
1025
456
5616
3361
5369
5199
2924
5525
7440
742
5899
6089
1385
4603
1532
2959
2447
2157
7812
6021
7813
2867
2318
7268
2153
4259
3468
4471
4534
3126
2251
5215
3691
4424
7078
7978
7313
3225
6474
222
633
5651
4338
3138
4371
3198
5689
7243
4064
7048
7113
7153
5324
4987
6747
21
4625
6019
1105
1733
6576
295
2268
4390
3547
1786
7980
1837
5167
6114
7397
2052
997
6402
6536
147
1305
2145
7479
5664
6702
166
614
3724
1142
3394
4783
4075
3053
5512
2486
7333
902
4722
5050
4015
5632
7625
5090
6413
3581
191
4475
6924
5683
6559
7365
4413
2481
1008
4661
3299
5912
4586
1920
5233
7886
5794
6183
2553
6957
376
7823
3056
5793
1995
1876
2995
790
6239
7231
1316
7796
5898
4177
272
1414
1453
5306
5973
7181
5869
4001
7607
4282
951
6374
5387
1526
5376
3402
18
344
6948
4049
867
2467
7003
5406
4130
5383
1806
1550
4010
6907
479
6512
6565
5694
3858
3424
3667
6342
2203
32
3130
678
2603
5378
5157
5128
6430
4279
7485
2011
4690
4356
6829
3614
7493
4472
2637
2548
7008
4050
4682
1313
5343
6732
1172
3218
4399
6882
4215
5336
3065
1826
6835
5742
5424
5074
2062
7963
5145
6134
7517
7375
6096
7063
4934
217
6647
1433
6117
5971
3161
1181
151
5305
7992
3646
629
806
1259
1978
4387
1616
3453
5055
514
1574
1064
3824
5920
7952
3920
2140
5682
2523
1054
7146
7648
6506
3718
4022
4736
4988
3968
865
270
2319
1165
6365
7895
6393
6735
2190
7946
2661
7821
6531
3819
3262
3156
1156
226
7772
125
3452
3749
2452
5267
1138
7747
6198
5210
598
425
1062
1857
3871
2870
2118
3180
844
421
7448
2222
4159
5921
4796
4395
5653
6440
442
622
4869
383
2969
5144
2209
7196
5995
5379
2698
1146
2985
2419
4180
849
5741
3472
623
1484
1922
6229
6385
6488
512
3604
1655
5106
6444
6275
2237
5472
3352
2371
4649
6601
1925
6514
1902
1661
2770
202
476
6730
3386
2923
1877
5390
3787
782
7327
6566
5845
4953
15
474
812
7291
1176
4614
4732
4738
6145
7169
2317
4063
7547
4262
2674
5510
6519
1371
4792
7376
5528
5911
3170
1807
6014
6934
4704
13
819
1196
3780
5811
4901
3010
2621
4788
7883
4402
7534
1059
5992
4260
4456
4581
4452
7304
6520
1711
6237
564
2370
7672
6278
2457
299
392
2790
2931
1625
5766
7103
845
1336
5326
7029
6847
4268
5138
7869
3971
6967
3185
2234
637
2134
5254
6297
3303
4228
2428
6807
5756
2825
6323
241
6092
5391
1521
232
3857
424
7373
3740
4937
917
320
4244
4170
7473
5692
6959
3762
739
1961
2516
603
2297
2133
7927
1309
1409
86
1397
6343
1713
4693
3655
3913
3751
3753
7054
1701
5527
1391
2400
1909
324
2527
3538
644
1280
4328
1193
5636
1400
3717
6340
2542
7739
4293
4962
7775
2727
3825
5738
451
7832
947
4780
81
2885
6425
2141
1586
2728
4954
6129
1875
5799
801
4522
4967
2366
2596
2712
999
312
381
1345
4102
7070
1124
290
3693
407
2732
2558
5150
758
574
7198
4202
3573
2815
4968
5503
729
4696
4611
5795
6655
4644
1912
6801
3965
1117
2173
2862
1680
2046
5322
1953
1629
4100
5340
2092
989
3432
6990
2152
2438
5966
3119
4309
2391
1448
2520
7709
2670
4407
7363
2384
4367
5271
1745
5362
5178
1432
5735
2868
4604
3325
5982
1565
2529
6832
1365
938
1835
4427
2278
265
2475
445
1727
1996
6736
5120
7844
4189
2714
7261
2184
5022
4687
4138
1102
6873
5958
3411
7994
3698
3637
2468
415
4062
6386
5174
6044
7722
815
6120
7254
6617
7758
7768
7645
1615
2241
6690
7380
3582
5893
5070
649
3162
2229
7705
6834
5082
7341
3624
6302
2151
1424
894
6069
5666
4501
744
5674
7603
288
7580
271
789
948
7737
4560
6676
5954
1317
4324
2392
2320
1662
3907
3378
203
6046
4093
4965
7656
4019
2388
3950
5879
652
1869
5239
122
2914
6126
5187
1014
6684
267
5854
87
2202
5451
5578
692
6215
6774
3302
1646
2451
963
6797
6575
3744
2003
7106
7051
7099
738
7708
6180
1836
7124
6357
7015
6717
28
5214
6909
1553
427
7152
5859
1968
5640
4600
3747
6689
1585
1212
4047
472
5607
5625
7681
756
7819
1994
2560
2150
7680
4476
7293
4720
4195
5482
7455
2939
3976
7115
7908
2063
4069
6804
923
4906
2894
2183
6772
2567
5598
4751
5502
277
6070
1214
2618
4542
3403
6252
4011
3267
4747
5957
7941
7415
4255
4292
834
4650
879
3714
7533
7046
7316
6696
3242
7503
6954
4380
5219
105
4156
6986
7804
7155
1387
4283
7596
1573
3221
5453
374
7806
4042
803
7520
5798
7815
7558
1426
6330
1111
837
6110
3808
3409
2946
4675
6005
5516
4554
5571
3158
1242
1392
5382
7262
968
6366
1359
4404
4672
4359
2055
3359
3013
7850
3868
5638
886
6950
2773
2846
6713
6631
6424
1712
342
6314
6066
3964
1058
6728
6156
1288
1268
4873
5216
2884
731
3619
6048
4862
7511
3088
473
4040
3212
6435
1650
7543
7282
6347
1055
5062
4432
868
3905
7214
6240
1718
1632
5557
5782
343
529
579
4176
7614
6267
5639
7274
5789
31
5901
6859
1389
2093
4103
2599
6312
1437
3
3641
3442
6459
5278
7450
1665
5367
3175
634
4416
1425
1446
7982
2054
3903
4729
432
2417
7321
4423
3305
2501
3343
6629
5363
7108
5191
5610
635
2479
3405
3509
7043
4930
5132
4134
6522
7859
205
5715
1184
7408
7981
2226
4464
4327
746
5622
1048
2005
7470
4741
2108
3046
2221
1622
2568
2644
2768
3798
6958
5987
7007
7077
1850
3656
2331
7710
4281
4016
4545
6526
1327
2395
6300
1311
3116
2713
1678
5509
5673
5697
1871
3018
7102
2099
3511
6742
6593
794
1663
4271
2042
4125
5753
3978
7957
6599
3961
1695
3444
2285
7148
6988
3860
5785
721
4265
4895
82
4254
3285
6872
7935
3770
1734
3846
5808
5314
46
3586
2541
3949
3395
2582
6184
1201
6564
5513
1932
7317
1913
1989
6953
7746
4235
1395
4791
3215
6165
7618
4576
737
134
2096
5142
4485
3125
5483
2585
5198
3334
6410
5818
3236
3159
4421
5420
246
2090
6657
7917
6486
591
6951
4288
1862
1766
3979
3792
2051
6235
7512
3047
4306
3332
283
4602
740
5129
4943
7858
2719
4913
196
805
785
7252
5693
925
3340
2524
490
4448
7407
4155
3674
2290
274
2810
1805
2883
4079
2088
7833
7423
5109
1500
3318
2954
1252
2780
558
4876
7810
7185
461
5427
5839
2785
4081
54
5519
3027
117
4896
1239
800
6012
4996
1882
3816
7101
1608
2861
3807
5053
1967
2496
4880
533
7728
3668
6853
7458
371
24
3222
5569
3736
3044
6867
2987
4488
3867
2606
2824
1927
3195
1017
5577
4526
78
80
7953
5842
1644
6941
1930
6542
1116
3373
714
6660
2769
6013
3688
2199
1596
501
891
1410
544
5000
7966
1091
154
2869
5686
4509
3171
464
7257
3420
3659
5770
4437
7062
4588
7144
7735
2944
1720
7532
2897
5608
1540
4750
5803
1041
7171
393
7960
1851
3916
6651
4480
3630
2547
6241
4482
6905
4345
3293
6174
3263
4391
6738
5965
7840
6368
7748
625
621
6733
5749
5426
1741
2965
7355
2932
1009
5241
4570
2315
7491
6541
6309
6626
2270
7343
6358
1858
5
443
5771
4307
3460
6886
4991
5355
7669
4150
5375
1210
4947
3609
6213
4266
6716
5158
2277
672
5997
4012
1971
4314
663
4856
7165
1522
6461
3797
2872
5231
282
6493
2827
7940
3315
4874
2471
2423
4831
3927
6384
798
2435
3773
7301
1135
3322
4731
1112
3942
4341
3864
5658
4969
5095
7736
4648
2702
7860
6206
1812
855
6993
5955
2614
7999
3097
2345
1900
3094
1427
390
1696
2701
6925
7781
5328
4388
7679
7560
7565
3836
17
3518
327
2557
2597
269
2425
2137
7239
7972
4322
3627
2836
5838
6571
188
3204
6197
1287
6396
1251
1609
6596
4193
1775
7698
2526
4878
4717
7856
3146
243
2244
3193
3990
5989
5317
4071
4203
2955
3095
1777
4836
571
3763
843
2503
4143
5703
6744
6339
5431
7606
4339
4290
4857
3881
2686
6855
3760
5644
3941
3400
4993
4752
2512
561
4893
4474
1682
6256
5676
2394
2638
2576
1928
2272
25
7613
6981
7014
4561
7507
190
5083
104
4678
4537
3636
6325
124
4686
2570
563
2942
3555
318
7173
6638
2608
2160
3827
718
6989
2840
5325
6550
306
5915
4031
3029
3847
4883
7030
1746
3910
5669
6806
4117
7573
7244
2933
7039
5217
6860
3495
7195
7577
3037
5506
2276
6917
4335
5792
5544
4149
1580
4478
5432
6112
5068
5953
3017
519
5591
1762
3197
884
5820
88
6640
7936
389
182
2703
2358
5855
1471
1929
7631
3493
1467
8000
3080
7202
3739
4350
1787
7228
2124
5825
5258
836
3621
7582
1166
5840
1416
2164
3008
5116
5816
4178
3531
6485
313
683
3952
4428
6045
6952
2082
3430
148
911
35
7403
5923
7848
5614
1839
6202
1411
3789
7381
90
3298
2730
2640
5183
6824
5629
5151
1981
6871
2956
2499
2569
2123
7326
3278
5536
5599
1163
874
7135
3882
7906
5310
6132
7388
4018
4524
3374
5477
6295
3108
596
5156
829
6260
2104
364
7951
2901
5487
5846
5679
338
3606
1768
6266
3515
7311
2759
1265
2700
870
955
1098
1578
6991
7842
2850
4313
6479
2666
2654
3486
1809
3489
6810
7998
7016
1514
6972
3937
616
7627
6130
69
2216
3521
972
4434
2215
7308
3150
7932
4897
2225
3167
5263
6590
7676
5944
4190
5085
5776
5008
2405
4802
8
4142
7362
7814
5994
7822
4477
1813
1341
7653
4865
1403
5223
1594
7075
1743
682
799
3062
1800
7332
6560
4369
4444
3821
4014
852
4898
3572
5459
2115
1792
1144
6050
5011
72
5154
2519
394
5882
4563
2733
6961
1504
4698
7183
5359
6227
4593
1845
991
1566
6376
7659
7696
5279
5600
5474
2091
1614
3148
4798
3176
936
2380
7368
3335
7464
5936
6942
6919
1497
1483
7523
5530
7516
2369
2243
4502
2169
1819
1369
3956
5189
2755
658
3476
651
6196
6093
3597
3483
3490
1464
4705
5663
4372
3290
7114
1817
6269
6168
2424
6500
5020
7601
6929
249
2564
7339
2078
645
5273
4386
3451
4333
4351
5203
6682
4213
557
253
509
6138
4469
993
5819
4005
4331
3082
7141
7266
6668
1475
5275
1373
2761
2880
2075
2916
284
197
1418
3675
1570
3699
7305
6755
6906
2619
5035
1490
1774
296
3874
5706
3963
7568
4926
4029
3249
71
5981
3704
3955
5720
2485
6866
1498
3466
3607
3813
3510
4910
5615
5545
6225
7013
4106
3392
4817
1438
450
4907
7217
1099
349
7069
279
4812
922
3873
7211
4236
7191
3969
7402
510
58
7646
5380
4605
4038
4009
5788
3003
1780
6076
2360
1737
1979
5303
6496
4964
5021
6805
4034
2235
5905
7528
2594
1412
6017
3880
6577
4665
526
3279
7189
6974
5466
4446
1129
5252
454
7954
4229
5710
89
3025
3611
4723
7142
2636
4921
3456
7092
1304
6136
3652
5274
370
5609
3297
7418
2292
2623
5054
1716
3738
2459
743
5121
1224
3863
6475
1486
3488
4555
7793
2845
5584
6276
3296
2191
897
1791
613
1330
6423
3561
5462
7068
783
2334
4070
1908
3566
6815
5457
4385
6408
2533
4556
6327
1324
4055
5101
586
51
3140
5206
567
7720
7888
4003
2097
684
2310
108
5268
4999
5727
7663
3253
7921
4240
4043
3986
3438
6588
2821
4412
4786
471
4384
2443
6458
4615
3783
5353
6380
11
4499
2818
5574
1267
7803
2298
726
2809
5384
6563
777
2114
772
6784
4453
638
4929
1742
5200
6661
7958
2967
6061
4909
341
3350
4623
3366
2563
3347
1767
6040
1421
701
890
2757
2211
6336
4491
7255
3371
1896
717
983
3796
1951
1575
1773
2583
2996
181
869
7526
2953
3494
4940
2065
6502
3498
3875
2747
5561
1465
3795
640
2161
1605
3584
5643
1474
2144
7509
1067
346
429
766
4899
7312
4168
3746
3061
5015
4500
5712
1222
4900
2463
3810
3661
5861
7640
6432
518
4467
6062
5984
3730
5829
6464
10
5102
1399
1441
6670
7020
2856
2492
4819
893
2600
3143
4804
1278
242
6827
6719
5330
5392
2813
5115
2957
3480
7571
5225
7444
7394
7226
5394
1670
7566
7294
4938
2973
4253
4370
749
1915
7785
5244
4941
1601
7761
7718
5007
1173
7572
163
6776
7170
5130
6539
538
7546
6663
6656
4795
2649
1739
3548
5139
2390
79
494
1238
1778
1891
3353
3580
3099
7446
3015
1348
6567
5736
3066
5352
1431
2958
1237
2675
6292
5764
851
2072
661
6026
2015
4426
2186
825
5832
6106
6923
1758
6911
7752
1617
2896
4932
4284
5276
4013
4418
4971
2249
6825
6467
7605
1721
4626
3313
5707
5097
4846
1548
2717
6011
7133
4128
1814
4646
4479
401
2106
3307
434
3362
406
6754
7434
2386
2122
6943
6345
688
4572
7548
1179
3086
3938
2449
2079
4199
7557
7970
4815
5409
7805
3136
1606
4141
5300
1364
1343
208
3552
1241
6982
1480
2902
2797
1005
5605
1972
6908
1707
1366
4218
846
1472
3820
2466
2353
7750
4272
3271
1576
6287
4435
1982
5334
1254
7766
904
6258
6898
2045
7329
68
5315
5404
6544
1191
1506
3933
1552
5293
7730
5624
6416
3793
5520
3427
2287
6434
7880
3889
1593
1597
5892
3448
1149
1093
4405
7926
6248
1122
6675
4330
5202
311
7898
6428
2633
1351
2198
3841
325
745
5180
5190
7914
545
4527
4120
1449
361
7334
5589
7841
3075
5963
1811
3319
3205
2307
3588
4396
2915
2668
1530
1487
5886
3326
6745
3178
4325
2324
3260
6636
5185
1884
1083
7515
1938
7624
3454
4258
6633
1274
431
7678
6109
7706
6865
4773
7097
7036
5388
5836
2823
2816
6121
3754
4935
7904
5302
6803
6080
2672
5455
4889
926
6088
2410
3042
2336
4756
7060
4538
534
2299
2469
317
7486
2238
2354
3329
4847
3069
2778
1208
2146
1376
3269
5722
2982
3534
477
1628
5208
2139
1384
5073
4617
5358
901
5333
4357
7639
7731
6811
6773
6420
3422
7225
1886
6547
6540
2440
1468
7514
1785
7205
5908
5285
816
3477
5507
2609
1808
7131
6427
5295
3295
6876
2247
5523
5843
7574
3055
3245
2200
2480
4454
2515
3727
6304
7540
6524
6155
6949
6618
2803
4726
1999
6032
4794
351
5772
610
1130
4582
3182
3089
808
7633
1923
4113
7347