2337
211
103
2865
795
1240
1146
2344
487
277
2946
673
1563
197
2859
770
1901
1867
1022
2154
1751
839
2191
1108
1805
1438
187
271
970
694
1143
1219
940
779
1441
1670
810
535
2226
2411
574
635
503
1710
2708
1416
922
2134
1402
1789
567
1864
2846
1592
179
1296
2013
2479
1671
1344
2723
2679
2665
1474
1601
2474
1331
1549
1052
1885
376
1897
2676
2440
2637
803
412
2504
332
2681
1104
544
692
1757
626
2694
581
468
1960
1175
647
74
2458
1613
551
2142
2449
1868
1193
172
2828
2168
2886
425
60
1732
2425
720
1855
2829
586
1252
2835
477
2040
159
2776
51
192
158
1778
118
622
250
1828
1328
2541
28
1589
788
2722
2980
421
982
2292
2006
835
3
2945
2783
2913
1873
260
394
1998
1559
858
1001
1418
1738
1033
2996
1427
1604
1002
107
866
2424
1936
1065
139
1594
2807
2331
727
1535
1961
2016
1453
555
2017
241
2604
224
897
189
2870
1970
1801
2877
342
1039
1846
199
2816
2962
2169
166
1098
1059
472
1360
1545
987
2170
2486
1101
133
440
2593
1257
274
1419
2135
2081
2602
863
536
1543
1405
2217
1637
2997
1058
2565
996
2820
106
1458
2675
1621
2003
151
24
951
2231
1915
1365
559
2167
901
2522
294
75
1250
573
17
2621
2930
1213
2818
1570
2019
2618
2076
2652
1103
2529
1834
1203
2235
364
1135
157
2404
2768
597
695
2757
1754
730
15
69
2600
2107
1693
459
1194
743
105
890
1678
1964
534
176
384
2988
1336
1564
2975
1969
775
2368
554
2740
2283
2333
1567
630
712
2302
1180
1432
707
1819
2195
293
2861
813
2799
2738
171
2803
119
1943
2073
1141
550
849
1202
1547
1682
2184
1138
1861
1886
236
2619
2038
1095
941
16
1574
1653
180
602
1341
728
2755
2183
1380
1381
718
1972
2174
2203
1722
312
1884
43
108
2145
963
998
2280
2021
98
1511
1228
1593
1385
1147
1576
1079
837
2839
2769
2709
2417
1316
1979
379
2726
1815
1018
222
1983
235
763
1434
67
1640
62
1262
701
2972
1629
374
1242
398
346
869
2390
1509
2242
1827
1521
2214
2419
2753
1354
1784
389
2009
576
930
2461
2045
2733
1669
135
72
194
1324
1339
2397
1656
2132
1893
936
736
1959
2439
2502
1716
952
500
1624
719
2423
2974
1368
2671
2400
142
2704
1340
2432
2487
1684
1638
944
2278
1484
1401
2644
2015
285
1840
2450
328
1560
1392
2087
2072
2020
2232
1298
1614
1119
822
2028
1374
2204
2456
276
2576
808
2451
2078
370
1023
2732
2899
310
2926
2127
1407
1847
1239
169
1451
47
1390
292
409
1061
1294
1305
337
825
2607
1236
1854
636
1029
2001
439
1615
2101
1775
2649
585
240
1823
2124
1215
1626
227
1220
1247
2493
764
2673
1164
496
2585
2060
2480
1697
1905
2380
1702
1949
348
1720
1091
76
1725
66
1498
2900
1011
833
2613
871
35
1449
783
162
1335
1675
2751
997
2273
1663
1325
2685
513
1179
2556
1156
2241
515
1158
934
2475
2454
708
2540
1445
1504
2942
280
549
1000
2357
1444
2634
347
2596
2375
1583
1439
403
2472
2567
2100
1685
662
562
627
1268
2291
921
1707
261
2484
2606
1762
1818
2185
55
205
1238
2587
2391
2173
2825
1743
1032
2903
2674
755
757
2148
1205
2526
2513
1729
456
2276
1862
1995
414
1265
1495
2300
1519
56
1277
1767
247
1096
2831
1222
1539
2272
883
806
1769
502
2523
1952
362
2950
2290
2196
2215
2657
2927
994
1077
1628
590
1957
2883
2125
127
144
1496
2958
1973
2229
2212
668
2670
2539
2252
1093
1044
558
933
1542
2340
2772
2218
2678
130
2249
804
2525
2960
789
1314
2588
329
27
570
981
186
528
138
870
2575
1212
2438
507
2924
145
2071
2554
1353
323
1275
702
1251
2928
1243
1209
1075
2551
2898
1790
651
1317
2843
6
1071
2482
1986
2401
377
181
2912
26
2512
2151
1700
2993
1060
1322
2672
976
353
1875
475
2146
1647
1872
1310
2518
11
1505
433
497
2159
1802
607
1064
563
1127
343
1260
792
2687
986
2120
650
664
1097
794
1415
2114
640
2498
1987
232
1808
2534
1800
1713
1985
539
2720
832
2854
1605
2386
1429
2791
132
2105
2696
2382
1945
393
2728
1115
538
464
85
577
2595
2500
1140
2358
620
9
1409
613
2760
2971
2823
2285
1063
291
2378
99
2746
983
1226
1747
1792
2282
1515
2850
2784
2545
565
957
2832
529
885
950
1443
2569
793
2152
1909
2727
2367
1233
42
865
279
2264
1968
1036
2
33
2414
1749
675
281
48
1501
156
2638
641
623
2381
2166
1477
750
713
1397
1367
2668
70
1094
493
483
1623
1766
896
759
1857
956
470
676
1462
603
1377
1286
1632
2735
2403
1292
1426
854
2737
1740
184
938
485
1803
234
864
215
1287
174
220
1035
155
903
2407
2301
2342
1234
1870
399
2532
604
2206
2052
2295
2966
2068
2516
1764
134
1396
340
2453
984
2514
1690
867
2548
918
400
448
1187
1742
1178
2643
961
2964
2852
1939
244
1118
2589
527
1218
1681
2043
612
1280
1321
2356
463
1941
1962
188
1337
1876
2155
406
1112
2881
286
388
1523
2707
202
228
2762
1546
1976
1264
117
2429
2422
2763
690
2864
2371
1004
1356
1055
2654
1210
2448
2421
1503
1364
1674
2624
486
2897
2160
974
2954
1575
1204
1677
2609
462
1312
1295
2117
1599
2036
2058
301
1489
263
297
1715
2509
2032
2719
514
1457
1345
2520
876
1088
1267
845
2133
1899
980
634
431
2601
2363
2325
2131
1608
415
2069
1517
1355
2297
120
1329
2984
1302
773
2190
766
423
444
2896
2094
2088
674
2959
1622
583
774
1914
2275
2186
855
1030
508
2029
1888
689
2660
686
177
164
920
2156
2887
122
1798
460
1569
796
484
499
1688
2296
2895
2010
2394
932
401
1788
2197
543
715
2138
1990
316
652
2046
2718
71
1081
2811
195
2056
354
2247
1126
2983
430
1488
324
2349
2752
2437
771
859
2033
2365
1024
2434
923
2725
91
2857
2433
410
239
1641
304
2702
842
1417
2577
1013
2923
2256
1403
41
2661
1195
1721
1499
1244
751
2573
2992
1017
2508
359
703
1883
809
1714
820
1662
2798
2680
1256
1881
797
2547
900
937
1072
2949
46
1307
2580
1994
653
61
732
807
1259
1908
1774
2717
584
721
1082
1924
23
1928
100
2932
1639
2281
1618
868
1281
2336
1128
2591
504
2561
1471
1019
34
706
407
363
1357
1150
237
2102
1376
1937
2564
2192
1727
632
68
1810
308
880
659
449
371
663
1992
273
1771
1777
1892
723
1572
1842
2620
2251
1672
1284
2077
1190
350
1311
2655
838
967
1466
2064
2801
1176
1299
1497
881
1375
945
2605
1172
175
852
2326
418
2987
1946
2086
2177
404
365
2319
1067
765
2682
739
2376
958
2220
2814
1852
2377
814
327
1447
785
150
246
2693
552
1473
267
906
2875
2234
338
2063
2360
512
898
2108
2395
1719
2260
1142
2796
2175
2855
2833
331
2741
53
306
213
160
2770
2109
2491
1478
1630
2742
2428
216
2824
2447
90
1619
1863
819
1736
879
266
582
1366
2113
2187
255
2313
1145
1851
22
12
206
2651
1709
2255
907
1703
1054
2310
2563
300
1185
711
1010
2777
256
992
2915
2944
2538
2623
210
1665
2979
203
112
2005
2346
1159
253
2031
313
1274
1413
2469
2560
2494
2951
372
1533
128
2666
2239
988
928
451
2162
875
288
1394
1486
1271
2683
495
1358
571
2455
2611
2308
148
532
317
1831
1906
2364
198
1975
432
955
954
2383
2787
1726
429
916
2729
1183
2209
1272
1225
314
248
1717
2778
2773
305
828
1273
2026
887
2669
1646
589
2385
1856
334
383
2914
1016
722
2862
1372
2477
2963
2157
185
2034
1116
290
2614
540
1859
1177
2084
1733
18
1012
946
1249
2208
915
2198
729
303
1551
1825
790
2830
1425
1577
2161
2176
942
862
1658
1157
575
1348
419
2188
2581
860
2721
1398
2044
1999
2164
2307
1231
2483
2882
438
1617
2664
2298
1475
596
1664
1723
2179
560
2940
731
2662
1078
126
975
2789
777
2230
2049
1020
1253
2050
530
2098
1557
782
1214
1047
361
646
2495
2506
385
416
1502
1642
2248
454
591
131
767
684
2885
110
912
2309
1541
137
2408
2227
2941
2991
1412
1752
2774
531
2254
1649
1057
704
1913
2066
2871
1319
1245
63
207
434
397
2578
1037
691
2201
948
426
2908
681
891
578
1370
2279
1395
1431
1814
969
2775
2837
886
170
2460
2263
1174
2172
428
1635
780
349
1282
617
2314
1794
2004
1816
1290
492
1579
2222
2335
191
40
2781
2207
2866
2736
2140
2542
667
275
2700
1553
2352
2663
1679
1507
1912
1837
2022
2812
911
654
2361
1591
748
2193
2129
1332
1680
2093
2917
1121
2920
473
1817
1997
2840
643
2610
2374
1683
1956
1849
2705
1087
2800
125
2409
600
289
1524
2989
2205
660
953
826
827
1661
2320
2574
2911
629
2110
2795
717
990
1235
2851
1634
1069
2817
322
1168
1110
1795
1804
2841
1921
1993
1399
2258
2047
1114
272
2973
2779
2628
2879
1008
2284
2286
1763
2822
1931
2012
761
2054
1109
2976
606
1387
2703
939
1735
1347
2847
2527
315
2884
2471
1799
2568
1153
226
989
968
2245
2294
2594
1137
787
878
1301
888
1487
479
319
2931
1536
2219
1573
1181
1673
778
2878
1529
2128
2116
2780
92
658
1620
2355
648
2584
1006
2797
1920
196
2080
1650
784
2103
1388
561
161
1196
2412
638
1898
1514
1406
2351
960
2640
2023
1442
1520
284
2794
977
422
556
2998
2948
2224
1582
1839
1625
2641
1580
386
973
872
2118
1531
1918
2030
1706
1558
296
494
1694
45
2571
851
1384
741
1300
2793
1555
1043
1676
2873
2473
908
1967
672
882
447
183
2904
2531
1134
734
1315
2699
2082
2880
111
36
1770
1192
1756
2629
2002
146
396
2341
1925
2805
2178
482
2863
1330
1889
1926
299
1845
229
2436
113
2035
557
2468
892
2853
2656
2393
2597
666
523
2327
2921
971
588
2366
413
595
1009
841
959
2874
2586
533
1942
1391
1414
548
2838
1189
518
1891
2062
20
683
2559
455
1944
2934
1894
1200
2906
295
2935
2446
1139
1813
1655
450
367
1169
2893
2443
805
1668
1448
1797
505
2766
1198
1435
358
21
2953
1953
781
510
1482
1383
1712
2579
1955
2907
889
1207
1768
320
341
2599
601
1610
200
2890
2590
1755
2262
1025
2844
1003
1400
716
2318
1131
252
424
893
847
910
2598
212
77
1308
2710
1303
844
1270
2809
2312
2329
1793
2396
1125
1461
853
311
2647
1787
2236
1297
1874
1334
2684
64
1132
265
2354
1843
1971
696
1463
153
2653
698
935
2868
1865
2489
633
815
405
1765
104
1199
553
2322
1609
2517
1144
2872
1977
895
2441
1105
1554
2982
2289
1695
772
1136
2759
1698
1760
436
656
2139
1113
2171
1167
2039
452
1923
899
1510
1821
1070
1201
649
1288
521
1836
1117
2119
88
1361
2648
1566
2994
884
2967
2646
1734
2348
2055
1089
402
616
201
2978
2785
1123
1704
2253
1304
1099
569
417
2018
1724
154
1708
2304
926
2999
2592
2747
1758
657
2813
1807
2892
1149
642
2181
1691
2535
1561
2027
344
2515
1379
283
390
631
2136
2849
2650
2370
1237
1182
1493
1644
360
821
1907
1866
1938
2677
1184
1261
1527
1258
2636
411
1871
993
1737
1327
1562
49
1882
836
1130
1597
2533
1254
480
1152
2007
2090
2194
366
2612
230
2384
489
471
752
458
1991
2842
1369
245
902
1895
2724
1887
2919
1516
962
2888
498
1021
1929
738
307
1666
408
2743
2467
114
2786
1748
1208
593
2122
19
190
1343
278
2572
2246
768
2095
2074
1359
2804
1776
2426
776
747
1686
2225
943
1587
249
516
82
2213
1090
1917
326
1338
917
1042
913
1833
2749
1450
1465
2481
1007
2274
2288
392
136
2689
2933
2952
2731
1530
1902
1877
382
735
1667
542
1746
621
2089
31
302
2324
2332
2712
2626
2435
2788
1590
2091
1730
2490
965
1216
848
2345
2265
2085
1056
1853
874
217
624
2891
238
1919
1085
2189
1106
2459
2521
2603
2485
1083
368
2711
2057
1346
469
2713
798
682
1500
80
817
2496
1026
914
2957
443
1028
1124
2922
594
2748
1084
2221
909
1476
1148
2250
94
1076
2981
688
744
2048
2894
1508
318
2430
700
1910
268
1812
2267
1773
435
1612
714
1659
670
1786
488
2544
10
1927
1860
2530
2715
1276
947
2463
2457
1611
2373
1186
2806
1309
2180
1045
2111
1513
1811
1452
461
2608
568
619
96
1038
2270
2000
1739
1223
1014
2389
2615
1073
1479
2501
2338
287
1791
1171
262
824
905
270
2339
525
733
298
243
356
30
2476
511
1947
2266
1830
2528
121
2442
2633
2557
625
2764
580
1974
2387
904
1048
2150
693
519
1154
1636
2546
149
1900
615
1598
579
37
1935
2936
2121
1806
1423
2570
1548
919
2328
2995
1246
1162
1393
1074
599
1689
2867
147
1933
1711
1537
2268
2257
1796
605
2519
251
501
2452
2037
2293
2968
1241
1034
1269
89
2316
84
2986
1627
2990
2315
2306
2079
1903
52
2754
2303
812
2550
441
1518
2507
357
168
2961
2552
2406
2667
2956
1279
1534
1930
2714
1160
1603
628
677
2059
1934
1869
925
506
1780
339
850
999
1781
2856
1349
1826
1456
2706
333
2343
2938
1229
1966
2750
2053
1652
2237
453
2011
32
1066
2566
7
2323
687
861
58
39
2398
2910
309
1306
1584
1248
509
1581
2223
1433
1616
1643
2695
1378
2645
1838
749
2767
746
1606
2200
2858
2698
13
742
572
1779
1687
259
321
1744
2024
1481
336
2210
2465
1981
2464
2510
1165
1844
1951
2379
2782
25
1657
2943
2558
2582
685
491
2739
4
949
1460
1940
1568
2141
2909
218
2137
101
2153
2271
1440
1556
1464
1490
2965
873
2353
592
2202
857
214
2061
427
1129
2399
2243
2845
1526
2632
2106
786
1528
1342
1283
2808
2488
2821
1978
2686
1468
2112
1824
1633
2918
802
141
929
2402
877
152
2499
2869
86
1291
1027
856
1761
1263
182
2876
1040
2359
225
1363
2099
2233
1227
44
1469
258
78
2691
2955
1285
442
2130
97
109
2115
1120
2269
1313
2305
843
2445
1122
490
466
1350
1446
2431
1068
345
2311
1565
1540
639
754
2690
2790
2792
1532
1745
173
816
1166
2238
1318
2925
1015
1371
972
2553
1217
2392
1491
1578
931
1333
2765
2097
2969
1829
1699
2627
391
478
93
481
2216
1092
1031
373
282
1932
894
1989
1753
257
1
2555
1424
2630
566
467
2347
351
2826
3000
1595
2104
1430
437
2149
29
2583
1544
1538
2259
546
1255
2299
2497
1571
2350
2144
1151
547
378
445
59
618
665
178
1731
1600
799
2902
1041
1916
1173
2416
446
1728
1362
1472
2165
2065
1062
1408
995
927
1323
1858
1522
964
679
2372
537
609
2756
2536
355
1386
2070
87
1890
380
2631
1211
526
2492
831
2418
1896
2761
1954
2277
678
2970
2405
219
1005
2240
1718
1100
1848
829
1645
476
1654
2321
1470
14
474
564
697
655
2199
1822
1820
680
1206
1049
2543
231
645
834
760
1596
2947
811
65
1454
1506
2617
1467
1648
801
2511
1602
38
2505
2092
1958
1922
2916
81
1459
699
1586
2067
2317
1293
2734
2410
2147
102
50
978
242
2701
2819
1102
123
1705
2658
2937
598
1783
1982
2730
1480
1230
1050
2889
1841
95
1107
233
846
2860
2478
352
1904
2042
1170
2562
661
614
1197
756
254
420
1996
1086
1382
2688
1326
669
457
740
1651
2745
2692
165
330
2388
1351
1389
753
823
1660
2466
1421
1410
1437
1485
644
2014
163
1163
522
2977
1550
2075
73
769
1111
2810
830
2625
2261
520
1963
2836
1950
2549
2905
726
1404
991
83
1835
2051
2635
2123
1051
1588
143
325
2025
387
545
116
2287
762
1289
1911
2444
541
709
924
2503
208
2537
1880
193
2369
985
1552
465
1133
2362
2427
1373
2758
966
1785
124
1984
2697
1428
1420
705
1741
2415
221
264
1965
375
671
2524
1053
610
1782
725
2420
1980
1585
1411
1188
2771
2041
1809
608
1232
2642
167
2659
2901
54
2158
818
79
2163
1850
2462
2939
5
1080
395
2802
209
269
1701
758
979
1512
1759
335
1607
2716
611
2985
1692
2622
1155
2413
1161
2096
1879
1494
2182
710
2616
1422
1631
381
1988
745
737
57
1224
369
2827
204
1455
1483
1320
1525
1352
587
2815
1750
1278
2929
1191
2228
2744
1436
1772
223
791
2334
840
1492
1696
2848
1046
1266
2083
1948
524
2470
2126
140
2143
2834
517
2639
115
1832
129
1221
2008
2330
2244
637
1878
2211
800
8
724