46
86
825
739
7
649
424
539
256
782
743
308
346
457
877
673
192
18
969
56
880
695
710
304
613
584
744
577
115
873
804
734
834
193
919
27
928
385
293
686
258
286
776
74
241
482
498
103
746
347
4
6
403
960
362
1000
820
889
468
63
758
444
917
800
506
179
73
803
400
832
377
338
150
461
851
429
68
302
491
35
85
119
585
948
212
815
509
42
171
364
124
568
51
490
603
288
668
787
641
425
392
605
454
287
158
957
892
219
209
488
227
79
382
169
188
553
869
858
554
191
556
612
175
706
13
596
854
496
712
187
325
172
157
438
807
893
580
821
366
250
920
659
962
398
423
602
32
538
949
480
471
927
252
677
477
570
909
636
700
632
691
337
142
982
433
25
116
165
978
959
795
801
81
548
155
818
291
516
163
762
479
971
594
401
181
654
275
67
934
234
991
886
910
522
273
874
332
489
132
847
724
446
26
774
470
463
951
422
358
266
323
224
624
582
628
512
52
264
411
156
77
576
799
698
711
331
55
348
699
811
292
667
829
359
72
650
251
619
692
180
967
852
526
680
221
277
268
913
307
278
835
735
381
981
937
601
837
390
90
757
551
617
492
816
515
355
102
53
201
459
455
351
270
906
216
720
440
769
289
246
340
945
226
561
228
267
282
466
99
242
166
176
41
239
112
167
870
105
525
84
296
388
368
350
306
334
544
827
850
9
970
517
664
532
904
794
565
765
726
487
817
908
345
843
900
59
352
50
741
432
336
882
389
145
588
62
369
599
329
182
87
933
682
38
98
283
473
856
225
790
681
91
137
260
311
141
45
841
360
535
431
689
290
722
247
658
995
186
966
896
149
993
240
600
591
322
838
669
31
404
122
824
484
925
481
126
862
781
465
370
662
571
719
284
434
879
100
831
773
426
676
78
607
899
572
932
715
317
979
848
997
330
449
265
66
876
148
652
510
766
926
159
938
47
864
71
70
753
161
727
262
162
914
485
76
898
965
80
704
583
897
303
629
592
606
750
223
806
849
761
211
215
534
235
205
134
723
796
261
549
764
213
451
944
755
645
718
300
805
736
69
618
679
412
206
793
248
939
220
809
604
373
107
637
693
672
609
687
195
316
810
541
19
620
34
888
88
989
111
28
194
326
199
419
665
524
924
779
14
593
472
716
651
168
936
374
748
54
367
747
842
845
733
154
118
30
559
646
335
407
397
243
394
177
421
714
871
493
94
655
581
125
37
717
236
674
460
343
657
269
508
894
942
955
202
113
661
595
253
520
639
725
976
183
189
883
740
439
702
443
399
319
915
552
642
294
427
353
798
785
232
203
941
464
786
437
590
2
540
973
647
24
101
361
408
830
638
153
621
299
644
259
671
648
631
314
988
828
383
255
354
983
196
855
456
946
442
447
501
108
575
61
436
281
912
751
823
230
777
504
709
272
578
999
867
280
257
895
249
685
75
902
233
365
788
415
60
731
178
197
342
305
483
104
298
318
527
622
579
328
546
964
357
953
341
114
65
147
586
802
58
96
416
745
558
958
760
475
378
467
660
117
144
911
321
768
43
930
775
560
295
875
5
812
513
123
921
514
521
339
363
453
770
905
23
20
729
418
333
542
237
151
954
935
15
387
697
675
312
666
372
136
452
204
511
550
380
836
530
297
813
690
405
783
808
998
138
164
503
881
10
500
890
222
943
977
245
564
229
931
732
555
379
414
11
872
131
409
703
634
16
48
730
759
756
371
462
615
519
486
901
705
573
529
505
97
499
139
130
566
707
315
846
83
29
860
996
95
121
435
376
413
749
887
696
929
683
231
384
986
207
92
276
861
44
789
12
610
469
545
128
839
127
39
185
106
200
643
984
82
922
608
474
865
395
963
208
885
907
562
797
947
458
410
626
441
430
3
840
420
630
767
393
21
445
391
507
853
708
478
17
1
635
701
826
93
64
49
994
135
375
814
254
956
891
396
678
271
217
57
968
476
737
428
640
274
8
670
170
218
120
531
146
344
738
857
547
448
238
523
918
792
878
822
974
987
819
563
614
502
980
833
327
174
533
417
791
214
771
752
859
402
961
884
985
589
656
763
844
557
89
143
349
627
903
616
301
623
694
356
868
528
198
663
950
494
40
863
536
754
285
778
313
537
574
633
992
728
110
173
916
611
309
990
567
866
133
152
33
190
22
129
923
952
36
721
688
160
780
140
625
598
543
386
518
184
772
244
975
684
569
742
587
940
972
495
109
320
597
713
263
310
279
653
497
450
210
406
784
324